2 70479
10 31408
26 19481
34 17012
50 14007
58 13018
74 11514
82 10960
106 9635
122 8988
130 8628
146 8192
170 7539
178 7414
194 7098
202 6953
218 6721
226 6601
250 6235
274 5979
290 5777
298 5719
314 5561
338 5355
346 5293
362 5213
370 5104
386 5017
394 4952
410 4845
442 4671
458 4598
466 4569
482 4467
514 4319
530 4278
538 4226
554 4149
562 4167
578 4045
586 4044
610 3953
626 3962
634 3875
650 3822
674 3759
698 3682
706 3646
730 3632
746 3558
754 3538
778 3505
794 3497
802 3403
818 3412
842 3412
850 3291
866 3299
890 3244
898 3287
914 3243
922 3155
962 3153
970 3054
986 3055
1010 2999
1018 3006
1042 2990
1066 2983
1082 2882
1090 2974
1114 2852
1130 2800
1138 2807
1154 2780
1186 2851
1202 2809
1226 2824
1234 2688
1250 2657
1258 2690
1282 2620
1306 2686
1322 2571
1346 2547
1354 2533
1370 2644
1378 2611
1394 2528
1402 2600
1418 2464
1450 2510
1466 2459
1490 2468
1514 2515
1522 2533
1538 2343
1546 2406
1570 2335
1586 2363
1594 2401
1618 2298
1642 2328
1658 2246
1682 2397
1690 2234
1706 2269
1714 2315
1730 2322
1754 2308
1762 2212
1802 2116
1810 2181
1850 2253
1858 2105
1874 2076
1882 2250
1898 2141
1906 2095
1930 2072
1954 2028
1970 2140
1994 2154
2018 2029
2026 2190
2042 1976
2050 1925
2066 2044
2074 1958
2098 1952
2122 2110
2138 2041
2146 2041
2186 1920
2194 1981
2210 2034
2218 1862
2234 1836
2258 1819
2290 2008
2306 1787
2314 1884
2330 1889
2362 1942
2378 1758
2386 1746
2402 2011
2410 1931
2426 1825
2434 1713
2458 1780
2474 1756
2482 1842
2498 1767
2522 1773
2554 1914
2570 1829
2578 1768
2594 1630
2602 1929
2626 1718
2642 1824
2650 1717
2690 1821
2722 1635
2738 1839
2746 1638
2762 1570
2770 1780
2810 1836
2818 1559
2834 1547
2858 1575
2866 1554
2890 1687
2906 1639
2930 1497
2938 1633
2962 1631
2978 1720
2986 1480
3026 1746
3034 1613
3050 1513
3074 1592
3098 1402
3106 1639
3130 1395
3170 1660
3194 1421
3202 1360
3218 1531
3226 1690
3242 1350
3250 1680
3274 1344
3298 1527
3314 1432
3338 1315
3362 1314
3370 1389
3386 1292
3394 1309
3418 1299
3434 1547
3442 1491
3466 1281
3482 1661
3490 1569
3506 1396
3530 1301
3538 1589
3554 1369
3562 1348
3578 1292
3602 1303
3650 1389
3706 1504
3722 1607
3730 1411
3746 1330
3754 1559
3770 1443
3778 1467
3802 1146
3826 1199
3842 1310
3866 1167
3874 1196
3890 1304
3898 1346
3922 1395
3946 1463
3970 1535
3986 1166
3994 1099
4010 1149
4034 1460
4058 1175
4082 1325
4090 1475
4106 1051
4138 1036
4162 1027
4178 1224
4210 1199
4226 1503
4234 1046
4250 1274
4258 1010
4274 998
4282 1335
4306 990
4322 1446
4330 1215
4346 1312
4394 1387
4426 1086
4442 1012
4450 1200
4474 1094
4490 1444
4498 1149
4514 957
4538 1016
4546 919
4562 964
4570 1073
4586 941
4594 1302
4610 1271
4618 944
4658 959
4666 880
4682 1382
4706 1280
4714 1175
4754 985
4762 1413
4778 1308
4786 1053
4810 1096
4834 867
4850 1195
4874 837
4882 866
4930 1295
4946 1166
4954 1042
5002 1279
5018 1043
5042 1371
5050 1249
5066 1088
5090 1085
5098 1231
5114 1122
5122 1129
5162 992
5186 820
5210 1036
5218 1201
5234 1083
5242 746
5266 857
5314 1289
5330 1288
5338 832
5354 724
5378 807
5386 996
5402 1212
5410 1085
5426 982
5450 913
5458 778
5482 700
5498 699
5506 710
5554 648
5570 775
5578 1253
5594 1064
5602 773
5618 651
5626 1281
5650 1007
5666 808
5674 632
5690 1089
5714 677
5722 729
5746 692
5770 1054
5794 694
5818 648
5834 579
5858 734
5882 1015
5906 685
5914 684
5930 1247
5938 633
5954 573
5986 1186
6002 762
6010 837
6058 716
6074 1145
6082 570
6098 1059
6122 1045
6130 542
6154 823
6170 1062
6178 1083
6218 938
6242 1225
6250 571
6266 1160
6274 477
6290 1063
6322 968
6338 730
6362 462
6410 1016
6418 463
6434 599
6442 441
6458 877
6466 604
6506 620
6514 1096
6530 752
6554 495
6562 1172
6586 702
6602 515
6610 880
6626 1034
6658 584
6682 699
6698 1115
6722 439
6730 497
6746 753
6770 892
6778 497
6826 631
6850 639
6866 577
6890 1121
6898 430
6914 374
6922 623
6938 764
6970 546
6994 1085
7010 670
7034 336
7058 353
7066 327
7082 354
7090 894
7114 774
7162 296
7178 530
7186 692
7202 351
7226 1133
7234 373
7250 1006
7274 726
7298 367
7306 703
7330 986
7346 316
7354 625
7394 681
7402 629
7418 530
7442 258
7450 1040
7466 779
7474 828
7514 746
7522 236
7538 566
7570 1092
7586 783
7594 234
7610 544
7618 362
7642 197
7666 966
7690 812
7706 593
7730 973
7738 445
7754 182
7762 1036
7778 174
7786 863
7834 756
7850 901
7858 149
7922 1063
7930 641
7946 472
7954 587
7970 188
7978 892
8002 716
8026 207
8042 781
8066 118
8090 618
8098 147
8114 392
8138 577
8146 849
8186 641
8194 795
8210 533
8242 978
8258 699
8266 763
8282 1034
8290 816
8306 435
8314 402
8354 876
8362 673
8402 119
8410 398
8434 349
8450 128
8458 284
8482 90
8506 820
8522 751
8530 906
8546 97
8570 961
8578 24
8594 231
8642 235
8650 1001
8674 35
8698 6
8738 345
8746 182
8762 670
8770 410
8794 827
8810 869
8842 9
8882 210
8906 59
8914 142
8938 589
8986 220
9010 540
9026 1006
9034 43
9050 869
9074 929
9106 350
9122 209
9146 137
9178 844
9194 223
9250 305
9266 384
9274 104
9290 492
9298 58
9314 68
9346 248
9370 530
9410 973
9418 913
9442 330
9458 443
9466 616
9490 391
9530 122
9554 500
9578 394
9602 418
9634 456
9722 777
9754 676
9802 943
9818 332
9826 215
9850 404
9874 613
9914 828
9946 891
9962 144
9970 253
10018 743
10034 558
10042 405
10090 58
10114 64
10138 221
10162 8
10202 940
10210 682
10226 177
10250 507
10282 735
10306 872
10322 84
10394 181
10426 765
10466 93
10474 797
10490 675
10498 340
10522 590
10562 266
10594 68
10610 911
10642 5
10690 39
10730 50
10762 234
10778 569
10786 650
10826 751
10858 833
10898 658
10930 683
10970 183
11002 451
11026 882
11042 593
11050 52
11090 310
11138 498
11146 121
11162 317
11170 525
11194 540
11234 818
11258 460
11282 315
11290 366
11386 402
11402 747
11450 859
11458 529
11530 459
11570 409
11602 409
11650 527
11794 659
11810 793
11882 851
11890 263
11930 446
11962 325
11978 229
12002 711
12058 145
12178 683
12202 781
12218 288
12226 405
12266 500
12290 613
12322 836
12370 135
12394 57
12410 610
12442 385
12458 254
12490 85
12538 221
12554 414
12610 644
12634 60
12722 131
12746 85
12770 820
12802 750
12818 101
12842 492
12874 258
12962 532
12970 275
12994 664
13130 525
13210 739
13226 793
13298 570
13394 366
13402 114
13522 89
13562 396
13586 521
13610 498
13634 639
13666 263
13682 138
13690 785
13786 143
13810 88
13834 719
14066 596
14090 391
14162 758
14170 314
14258 704
14314 416
14386 380
14450 193
14482 47
14530 583
14642 766
14690 596
14738 531
14794 503
14842 157
14866 358
14906 668
14914 234
14978 105
15074 325
15130 725
15170 338
15266 354
15346 669
15370 556
15490 70
15626 728
15706 17
15826 221
15898 467
15914 178
15938 238
15970 323
16018 649
16042 397
16066 418
16090 528
16130 714
16234 11
16298 232
16354 329
16474 636
16490 542
16498 161
16538 467
16570 401
16586 516
16634 144
16642 701
16658 116
16762 372
16810 168
16970 173
17026 203
17074 42
17162 698
17170 596
17210 525
17266 441
17282 41
17330 147
17530 408
17642 604
17690 662
17810 17
17834 214
18002 165
18010 278
18178 227
18226 668
18250 458
18362 587
18394 496
18514 216
18730 373
18770 655
18778 447
18850 550
19018 117
19058 195
19154 478
19210 374
19298 315
19322 650
19370 196
19394 2
19402 185
19450 282
19562 153
19594 553
19850 297
19882 639
19994 362
20098 542
20162 177
20242 264
20282 85
20290 206
20402 446
20450 607
20498 323
20546 407
20866 531
21026 618
21058 48
21106 386
21170 17
21202 429
21346 52
21386 513
21610 601
21794 292
22082 311
22130 153
22178 481
22202 585
22514 400
22690 57
22714 489
22786 83
22802 582
22826 219
22922 291
22978 353
23162 73
23186 189
23354 383
23410 573
23426 201
23530 466
23570 339
23698 247
23770 57
23962 71
24026 557
24050 159
24082 471
24154 45
24634 3
24650 517
24730 354
24842 48
24922 451
25090 212
25154 245
25282 550
25490 446
25546 300
25610 330
25922 533
26050 224
26170 289
26354 435
26570 528
26650 128
26674 43
26938 426
27050 312
27130 175
27226 524
27250 97
27298 120
27826 413
27890 514
27970 299
28186 75
28250 248
28426 384
28562 508
28618 147
28906 241
29242 500
29338 393
29378 165
29474 277
29930 478
29954 382
30434 263
30626 484
30770 54
30794 109
30890 372
31090 208
31330 466
31466 42
31522 365
31642 13
31778 199
31898 123
32002 241
32042 465
32378 85
32482 349
32762 462
32906 109
33002 225
33130 344
33490 436
34066 167
34114 330
34226 448
34634 206
34690 48
34778 328
34786 158
34970 429
35570 69
35674 193
35722 427
35786 315
36370 24
36466 311
36482 410
36634 55
37178 128
37250 409
37370 166
37498 300
37930 117
38026 416
38194 289
38450 158
38810 408
39250 278
39442 19
39602 404
39962 270
40210 141
40402 398
40426 88
40562 5
41042 268
41210 354
41330 130
41770 261
42026 386
42850 363
42874 248
43154 111
43618 242
43682 374
43810 54
44314 100
44522 362
44626 45
44746 234
45370 356
45506 231
46202 82
46226 356
46658 219
47090 342
47330 19
47402 70
47434 215
47962 348
48178 11
48610 208
48842 342
49354 55
49402 201
49730 336
50594 44
50602 194
50626 328
51410 186
51530 327
52442 322
52610 28
52634 180
53362 318
53458 175
53890 18
54290 303
54706 166
55226 307
55546 161
55970 3
56170 296
56818 155
57122 298
57674 149
58082 293
58970 141
59050 287
59842 137
60026 286
61010 281
61162 127
62002 277
62050 118
63002 230
63394 116
64010 265
64298 110
65026 257
65666 105
66050 260
66586 100
67082 255
67978 83
68122 253
68914 89
69170 248
70226 239
70330 82
71282 77
71290 241
72362 234
72722 71
73442 234
73690 66
74530 221
75154 59
75626 227
76138 55
76730 222
77626 48
77842 219
78626 45
78962 212
80090 211
80138 37
81154 34
81226 208
82370 204
82690 28
83522 202
83722 24
84682 199
85282 17
85850 185
86330 13
87026 191
87914 7
88210 188
88978 3
89402 185
90602 178
91810 178
93026 173
94250 163
95482 170
96722 161
97970 160
99226 160
100490 155
101762 147
103042 152
104330 148
105626 146
106930 133
108242 140
109562 136
110890 117
112226 132
113570 121
114922 126
116282 123
117650 118
119026 118
120410 114
121802 113
123202 109
124610 103
126026 105
127450 101
128882 100
130322 97
131770 93
133226 92
134690 88
136162 87
137642 85
139130 81
140626 80
142130 45
143642 75
145162 71
146690 70
148226 68
149770 63
151322 63
152882 61
154450 58
156026 56
157610 54
159202 52
160802 48
162410 45
164026 45
165650 43
167282 40
168922 37
170570 35
172226 34
173890 32
175562 29
177242 27
178930 25
180626 23
182330 21
184042 19
185762 17
187490 15
189226 13
190970 11
192722 9
194482 7
196250 5
198026 3
199810 1
