2 2 10 6
3 2 10 26 1
2 2 26 5
2 2 34 4
2 2 58 3
2 2 74 2
2 2 82 4
2 2 106 3
2 2 122 2
2 2 130 2
2 2 146 3
2 2 170 3
3 2 170 410 1
2 2 178 2
2 2 194 3
2 2 202 2
2 2 218 1
2 2 226 2
2 2 250 2
2 2 274 2
2 2 290 3
3 2 290 730 1
2 2 314 2
2 2 346 2
2 2 362 1
2 2 370 3
2 2 386 1
2 2 410 2
2 2 442 3
2 2 458 2
2 2 466 1
2 2 482 1
2 2 530 3
2 2 554 1
2 2 562 2
2 2 586 2
2 2 626 1
2 2 650 2
2 2 674 1
2 2 730 2
2 2 746 2
2 2 754 1
2 2 778 2
2 2 794 1
2 2 842 1
2 2 850 3
2 2 890 2
2 2 962 2
2 2 986 1
2 2 1018 1
2 2 1066 1
2 2 1082 1
2 2 1090 2
2 2 1130 1
2 2 1226 1
2 2 1234 1
2 2 1306 1
2 2 1370 1
2 2 1378 1
3 2 1378 10490 1
2 2 1514 1
2 2 1522 2
2 2 1586 1
2 2 1850 3
2 2 1882 1
2 2 1906 1
2 2 1970 2
2 2 2018 2
2 2 2026 1
2 2 2042 1
2 2 2074 1
2 2 2098 1
2 2 2210 2
2 2 2234 1
2 2 2290 2
2 2 2330 1
2 2 2378 1
2 2 2410 2
2 2 2434 1
2 2 2482 1
2 2 2498 1
2 2 2554 1
2 2 2602 1
2 2 2626 2
2 2 2690 1
2 2 2722 1
2 2 2810 1
2 2 2986 1
2 2 3026 2
2 2 3226 2
2 2 3250 1
2 2 3274 1
2 2 3386 1
2 2 3538 1
2 2 3562 1
2 2 3602 1
2 2 3650 2
2 2 3754 1
2 2 3866 1
2 2 4258 1
2 2 4322 1
2 2 4346 2
2 2 4682 1
2 2 4762 1
2 2 5002 1
2 2 5042 1
2 2 5330 1
2 2 5354 1
2 2 5386 1
2 2 5690 1
2 2 5930 1
2 2 5986 1
2 2 6242 1
2 2 6266 1
2 2 6290 1
2 2 6442 1
2 2 6562 2
2 2 6890 1
2 2 7114 1
2 2 7178 1
2 2 7234 1
2 2 7954 1
2 2 8282 1
2 2 8290 1
2 2 8362 1
2 2 8570 1
2 2 8650 2
2 2 9074 1
2 2 10034 1
2 2 10610 1
2 2 10826 1
2 2 11026 2
2 2 11402 1
2 2 11882 1
2 2 12442 1
2 2 12770 1
2 2 12962 1
2 2 13226 1
2 2 13634 1
2 2 14170 1
2 2 15130 1
2 2 16042 1
2 2 16130 1
2 2 17170 1
2 2 18226 1
2 2 19210 1
2 2 19450 2
2 2 19594 1
2 2 20450 1
2 2 24026 2
2 2 25922 1
2 2 26570 1
2 2 29930 1
2 2 33490 1
2 2 34970 1
2 2 44522 1
2 2 51410 1
2 2 58970 1
2 10 26 1
3 10 26 514 1
2 10 34 3
2 10 50 6
2 10 58 3
2 10 74 2
2 10 82 1
2 10 106 2
2 10 122 2
2 10 130 3
2 10 146 2
2 10 170 3
2 10 178 2
2 10 218 1
2 10 226 2
2 10 274 1
2 10 290 3
2 10 298 1
2 10 338 1
2 10 346 1
2 10 362 2
2 10 370 2
2 10 394 2
2 10 410 2
2 10 442 1
2 10 458 2
2 10 466 1
2 10 530 2
2 10 554 1
2 10 562 1
2 10 586 1
2 10 610 1
2 10 626 1
2 10 634 1
2 10 650 2
2 10 698 2
2 10 730 3
3 10 746 2210 1
2 10 802 1
2 10 850 2
2 10 866 1
2 10 890 2
2 10 914 1
3 10 962 3250 1
2 10 970 2
2 10 986 1
2 10 1010 2
2 10 1018 1
2 10 1066 1
2 10 1090 1
2 10 1130 2
2 10 1154 1
2 10 1250 2
2 10 1282 1
2 10 1306 1
2 10 1370 2
3 10 1378 11650 1
2 10 1418 1
2 10 1450 1
2 10 1594 1
2 10 1618 1
2 10 1682 1
2 10 1730 2
2 10 1754 1
2 10 1762 1
2 10 1802 1
2 10 1810 1
2 10 1850 3
2 10 1882 1
2 10 2050 1
2 10 2066 1
2 10 2138 1
2 10 2146 1
2 10 2210 2
2 10 2290 2
2 10 2378 1
2 10 2402 1
2 10 2410 1
2 10 2426 1
2 10 2458 1
2 10 2594 1
2 10 2762 1
2 10 2770 1
2 10 2810 1
2 10 2834 1
2 10 2930 2
2 10 2938 1
3 10 3034 11026 1
2 10 3130 1
2 10 3202 1
2 10 3466 1
2 10 3562 1
2 10 3650 1
2 10 3706 1
2 10 3770 1
2 10 3874 1
2 10 3890 2
2 10 3898 1
2 10 3970 1
2 10 4210 1
2 10 4250 1
2 10 4346 2
2 10 4426 1
2 10 4586 1
2 10 4786 2
2 10 4810 1
2 10 4930 1
2 10 5066 1
2 10 5338 1
2 10 5506 1
2 10 5882 1
2 10 6098 1
2 10 6218 1
2 10 6242 1
2 10 6562 2
2 10 6890 1
2 10 6994 1
2 10 7354 1
2 10 7570 1
2 10 8042 1
2 10 8146 1
2 10 8522 1
2 10 9074 2
2 10 9410 1
2 10 9802 1
2 10 10490 1
2 10 10522 1
2 10 11170 1
2 10 11450 2
2 10 13610 1
2 10 13634 1
2 10 15130 1
2 10 16130 2
2 10 16642 1
2 10 17642 1
2 10 17690 1
2 10 18010 1
2 10 18226 1
2 10 18250 2
2 10 18770 1
2 10 20098 1
2 10 21386 1
2 10 21610 1
2 10 23410 1
2 10 24026 1
2 10 29930 1
2 10 31330 1
2 10 32482 1
2 10 34114 1
2 10 36482 2
2 10 42850 1
2 10 85850 1
2 10 93026 1
2 10 101762 1
2 26 50 2
2 26 74 1
2 26 82 2
2 26 122 1
2 26 130 3
3 26 130 178 1
2 26 146 1
3 26 170 1378 1
2 26 202 2
2 26 218 1
2 26 250 1
2 26 274 1
2 26 290 2
2 26 338 2
2 26 362 1
2 26 386 1
2 26 442 2
2 26 458 1
2 26 482 1
2 26 530 2
2 26 562 1
2 26 578 1
2 26 746 1
2 26 754 1
2 26 794 1
2 26 802 1
2 26 818 1
2 26 898 2
2 26 962 2
2 26 1066 2
2 26 1090 1
2 26 1130 1
2 26 1186 1
2 26 1234 1
2 26 1250 1
2 26 1378 1
2 26 1514 1
2 26 1586 1
2 26 1682 1
2 26 1690 2
2 26 1802 1
3 26 1850 3274 1
2 26 1898 2
2 26 1994 1
2 26 2018 1
2 26 2138 1
2 26 2210 1
3 26 2210 5330 1
2 26 2290 2
2 26 2306 1
2 26 2314 2
2 26 2402 1
2 26 2458 2
2 26 2602 1
2 26 2626 1
2 26 2690 1
2 26 2746 2
2 26 2938 2
2 26 3026 1
2 26 3050 1
2 26 3250 2
2 26 3362 1
2 26 3394 1
2 26 3490 2
2 26 3562 2
2 26 3770 1
2 26 4226 1
2 26 4274 1
2 26 4330 1
2 26 4498 2
2 26 4706 1
2 26 4810 1
2 26 5066 1
2 26 5330 1
2 26 5402 2
2 26 5930 1
2 26 5954 2
2 26 6266 1
2 26 6290 1
2 26 6410 1
2 26 6514 1
2 26 6698 1
2 26 6890 1
2 26 7474 1
2 26 7730 1
2 26 8138 1
2 26 12002 1
2 26 12322 1
2 26 13634 1
2 26 15130 1
2 26 20242 1
2 26 23410 1
2 26 34970 1
2 26 35786 1
2 26 65026 1
2 26 160802 1
2 34 50 2
2 34 58 1
2 34 74 3
2 34 82 2
3 34 106 442 1
2 34 122 1
2 34 130 2
2 34 170 5
2 34 178 1
2 34 194 1
2 34 226 1
2 34 338 2
2 34 346 1
2 34 362 1
2 34 370 1
2 34 386 2
2 34 394 1
2 34 442 2
2 34 514 1
2 34 554 1
2 34 578 2
2 34 650 2
2 34 818 2
2 34 962 1
2 34 970 1
2 34 986 1
2 34 1010 1
2 34 1138 1
2 34 1154 1
2 34 1258 2
2 34 1354 2
2 34 1394 2
2 34 1490 1
2 34 1586 1
2 34 1594 2
2 34 1618 1
2 34 1930 1
2 34 1970 1
2 34 2018 1
2 34 2122 1
2 34 2210 2
2 34 2330 1
2 34 2378 1
2 34 2426 2
2 34 2482 2
2 34 2522 1
2 34 2554 1
2 34 2570 1
2 34 2834 1
2 34 2890 2
2 34 3026 2
2 34 3130 1
2 34 3202 1
2 34 3250 1
2 34 3490 2
2 34 3730 1
2 34 3778 1
2 34 3802 1
2 34 3842 2
2 34 3922 1
2 34 3970 1
2 34 4082 1
2 34 4226 1
2 34 4250 2
2 34 4330 1
2 34 4346 1
2 34 4450 1
2 34 4538 1
2 34 4658 2
2 34 4754 1
2 34 4930 1
2 34 5234 1
2 34 5578 1
2 34 5882 2
2 34 6290 1
2 34 6778 1
2 34 6890 2
2 34 7786 2
2 34 7922 1
2 34 8090 1
2 34 8194 1
2 34 9418 1
2 34 9874 1
2 34 11138 1
2 34 11570 2
2 34 11882 1
2 34 13226 2
2 34 21610 1
2 34 22202 1
2 34 22714 1
2 34 29930 1
2 34 33490 2
2 34 45370 1
2 50 74 2
2 50 82 1
2 50 106 2
2 50 122 1
2 50 130 2
2 50 146 2
2 50 170 3
2 50 218 1
2 50 250 4
2 50 290 3
2 50 314 1
2 50 346 2
2 50 370 2
2 50 386 1
2 50 394 1
2 50 410 1
2 50 530 2
2 50 586 2
2 50 610 1
2 50 626 1
2 50 650 2
2 50 706 1
2 50 730 2
2 50 746 2
3 50 754 2482 1
2 50 778 2
2 50 850 2
2 50 890 2
3 50 962 1306 1
2 50 1066 1
2 50 1082 1
2 50 1090 1
2 50 1370 1
2 50 1450 1
2 50 1490 1
2 50 1730 1
2 50 1810 1
2 50 1850 2
2 50 1898 1
2 50 1970 2
2 50 1994 1
2 50 2050 1
2 50 2122 1
2 50 2210 1
2 50 2290 2
2 50 2330 1
2 50 2498 1
2 50 2554 1
2 50 2642 1
2 50 2770 1
2 50 2810 1
2 50 3026 1
2 50 3170 1
2 50 3250 2
2 50 3538 1
2 50 3578 1
2 50 3650 2
2 50 3730 1
2 50 4010 1
2 50 4082 1
2 50 4706 1
2 50 4930 1
2 50 5090 1
2 50 5330 1
2 50 5386 1
2 50 5650 2
2 50 6442 1
2 50 6562 2
2 50 6850 2
2 50 7090 1
2 50 7250 1
2 50 8650 2
2 50 9010 1
2 50 9050 1
2 50 9250 1
2 50 9410 1
3 50 9802 24650 1
2 50 10034 1
2 50 10778 1
2 50 11282 1
2 50 11450 2
2 50 11890 1
2 50 14170 1
2 50 16042 1
2 50 19370 1
2 50 19450 2
2 50 22202 1
2 50 34226 1
2 50 34970 1
2 50 44522 1
3 58 74 3370 1
2 58 146 1
2 58 170 2
2 58 178 1
2 58 202 1
2 58 290 5
2 58 338 1
2 58 346 1
2 58 370 1
2 58 458 1
2 58 466 1
2 58 482 2
2 58 730 1
2 58 754 2
2 58 794 1
2 58 802 2
2 58 890 2
2 58 898 1
2 58 962 1
2 58 986 2
2 58 1066 1
2 58 1234 2
2 58 1282 1
2 58 1378 1
2 58 1394 1
2 58 1466 1
2 58 1570 1
2 58 1618 1
2 58 1682 3
2 58 1706 2
2 58 1930 1
2 58 1994 1
2 58 2074 1
2 58 2146 2
2 58 2210 1
2 58 2378 1
2 58 2938 2
2 58 2962 1
2 58 2978 1
2 58 3394 1
2 58 3506 1
2 58 3538 1
2 58 3562 1
2 58 3730 1
2 58 3770 2
2 58 3946 1
2 58 4234 1
2 58 4930 2
2 58 4946 1
2 58 5330 2
2 58 5458 1
2 58 5570 1
2 58 6074 1
2 58 6122 1
2 58 6290 1
2 58 6610 1
2 58 6938 1
2 58 7226 1
2 58 7250 2
2 58 7298 1
4 58 7450 7946 11026 1
2 58 7570 1
2 58 7946 1
2 58 8290 1
2 58 8570 1
2 58 8650 1
2 58 10034 2
2 58 11234 1
2 58 12322 1
2 58 12770 1
2 58 13130 1
2 58 15626 2
2 58 16066 1
2 58 22802 1
2 58 24650 2
2 58 31330 1
2 58 39962 1
2 74 130 2
2 74 170 1
2 74 178 2
2 74 194 1
2 74 250 1
2 74 290 1
2 74 346 1
2 74 370 4
2 74 458 1
2 74 482 1
2 74 530 1
2 74 538 2
2 74 610 1
2 74 650 1
2 74 698 1
2 74 730 1
2 74 754 1
2 74 778 1
2 74 962 2
2 74 1066 1
2 74 1090 2
2 74 1130 1
2 74 1258 2
2 74 1346 1
2 74 1370 1
2 74 1466 1
2 74 1522 1
2 74 1538 1
2 74 1682 2
2 74 1802 1
2 74 1898 2
2 74 2026 2
2 74 2074 1
2 74 2146 1
2 74 2210 1
2 74 2290 1
2 74 2402 1
2 74 2434 1
2 74 2738 2
2 74 2810 2
2 74 3034 1
2 74 3898 1
2 74 3970 1
2 74 4810 2
2 74 4930 2
2 74 5066 1
2 74 5090 1
2 74 5330 1
2 74 5402 2
2 74 6290 2
2 74 6322 1
2 74 6866 2
2 74 7202 1
2 74 7954 2
2 74 8210 1
2 74 8362 1
2 74 8642 1
2 74 10138 2
2 74 11234 1
2 74 12202 1
2 74 12802 2
2 74 13690 1
2 74 14690 1
2 74 18778 1
2 74 20498 1
2 74 25610 1
2 74 36482 1
2 74 77626 1
2 74 80138 1
2 82 106 2
2 82 122 1
3 82 250 850 1
2 82 298 1
2 82 314 1
2 82 370 1
2 82 394 1
2 82 410 3
2 82 442 1
2 82 530 1
3 82 530 1802 1
2 82 634 1
2 82 650 1
2 82 754 1
2 82 986 1
2 82 1042 1
2 82 1066 2
2 82 1130 1
2 82 1394 1
2 82 1490 1
2 82 1586 1
2 82 1850 1
2 82 2314 1
2 82 2378 1
2 82 2522 1
2 82 2810 1
2 82 3034 2
3 82 3074 9106 1
2 82 3250 1
2 82 3362 1
2 82 3386 1
2 82 3538 1
2 82 3770 1
2 82 4090 1
2 82 4162 1
2 82 4450 1
2 82 4594 1
2 82 4706 1
2 82 4954 1
2 82 5002 1
2 82 5050 1
2 82 5066 1
2 82 5330 2
2 82 5626 1
2 82 5986 2
2 82 7178 2
2 82 7330 1
2 82 7450 1
2 82 7946 2
2 82 8458 1
2 82 9290 1
2 82 9874 1
2 82 11234 1
2 82 15170 1
2 82 16130 1
2 82 17690 1
2 82 36482 1
2 82 56170 1
2 82 59050 1
2 82 101762 1
3 106 130 410 1
2 106 146 1
2 106 178 1
2 106 218 1
2 106 314 2
2 106 386 1
2 106 410 1
2 106 530 4
2 106 586 2
2 106 650 1
2 106 698 1
2 106 706 1
2 106 778 2
2 106 1010 2
2 106 1082 1
2 106 1370 1
2 106 1378 2
2 106 1394 1
2 106 1450 1
2 106 1522 1
2 106 1570 1
2 106 2210 2
2 106 2482 1
2 106 2866 1
2 106 3026 1
2 106 3074 1
2 106 3250 1
2 106 3730 1
2 106 3890 1
2 106 3922 2
2 106 3970 1
2 106 4082 1
2 106 4226 1
2 106 4346 1
2 106 5066 2
2 106 5914 1
2 106 6178 1
2 106 6562 1
2 106 6890 2
2 106 7250 1
2 106 8258 1
2 106 12226 1
2 106 13226 1
2 106 15370 1
2 106 25546 1
2 106 31898 1
2 106 35722 1
2 122 170 1
2 122 178 1
2 122 290 1
2 122 346 1
2 122 370 1
2 122 514 1
2 122 562 1
2 122 610 3
2 122 650 1
2 122 802 2
2 122 890 1
2 122 970 1
3 122 1010 17690 1
2 122 1130 1
2 122 1186 1
2 122 1202 1
3 122 1258 6290 1
2 122 1282 1
2 122 1346 2
2 122 1370 1
2 122 1378 1
2 122 1586 2
2 122 1754 1
2 122 1850 1
2 122 1898 1
2 122 2386 1
2 122 2482 1
2 122 2498 1
2 122 2650 1
2 122 3434 1
2 122 3538 1
2 122 3922 1
2 122 5002 1
2 122 6290 1
2 122 6746 1
2 122 7202 1
2 122 7354 1
2 122 7930 1
2 122 10282 2
2 122 10858 2
2 122 11090 1
2 122 11890 1
2 122 14162 1
2 122 21106 2
2 122 24650 1
2 130 146 1
2 130 202 1
2 130 218 1
2 130 226 1
2 130 250 1
2 130 298 1
2 130 314 1
2 130 338 2
3 130 370 2138 1
2 130 386 1
2 130 410 1
2 130 442 2
2 130 458 1
2 130 538 1
2 130 586 1
2 130 610 1
2 130 650 4
2 130 674 1
2 130 698 2
2 130 730 1
2 130 754 1
2 130 794 1
3 130 850 6890 1
2 130 866 2
2 130 914 1
2 130 922 1
2 130 962 2
2 130 1010 1
3 130 1010 8242 1
2 130 1066 1
2 130 1090 1
2 130 1202 1
2 130 1258 1
2 130 1322 1
2 130 1370 1
2 130 1378 1
2 130 1418 1
2 130 1546 1
2 130 1586 1
2 130 1690 1
2 130 1810 1
2 130 1898 2
2 130 1930 1
2 130 2138 1
2 130 2210 2
2 130 2218 1
2 130 2258 1
2 130 2290 1
2 130 2314 1
2 130 2410 1
2 130 2426 1
2 130 2578 1
2 130 2594 1
2 130 2602 1
2 130 2650 1
2 130 2810 1
2 130 2890 1
2 130 3026 2
2 130 3418 1
2 130 3442 1
2 130 3482 2
2 130 3722 1
2 130 3770 1
2 130 3970 1
2 130 4090 1
2 130 4234 1
2 130 4490 2
2 130 4594 2
2 130 4706 1
2 130 4810 2
2 130 5162 1
2 130 5330 1
2 130 5450 1
2 130 5930 1
2 130 5954 1
2 130 6170 1
2 130 6890 1
2 130 6938 1
2 130 7570 1
2 130 7978 1
2 130 8410 1
2 130 10426 1
2 130 11450 2
2 130 11530 1
2 130 12226 1
2 130 12290 1
2 130 14690 2
2 130 16970 1
2 130 18850 1
2 130 19594 2
2 130 23426 1
2 130 23530 1
2 130 31330 1
2 130 177242 1
2 146 170 1
2 146 202 1
2 146 226 1
2 146 274 1
2 146 442 1
2 146 458 1
2 146 538 1
2 146 554 1
2 146 674 1
2 146 730 4
2 146 818 1
2 146 962 2
2 146 970 1
2 146 986 1
2 146 1010 1
2 146 1090 1
2 146 1226 1
2 146 1250 2
2 146 1570 2
2 146 1762 2
2 146 1898 2
2 146 2210 1
2 146 2218 1
2 146 2482 1
2 146 2578 1
2 146 2690 1
2 146 2938 1
2 146 3778 1
2 146 3842 1
2 146 4234 1
2 146 5378 1
2 146 5402 2
2 146 5986 1
2 146 6218 1
2 146 6562 1
3 146 6682 9490 1
2 146 6890 1
2 146 7306 1
2 146 7450 1
3 146 7922 16762 1
2 146 8282 1
2 146 9466 1
2 146 12218 1
2 146 12994 2
2 146 13394 1
2 146 13610 1
2 146 16130 1
2 146 17690 1
2 146 18250 2
2 146 18770 1
2 146 29930 1
2 170 194 1
2 170 226 1
2 170 250 2
2 170 274 1
2 170 314 1
2 170 338 1
2 170 346 1
2 170 370 1
2 170 442 2
2 170 514 1
2 170 530 1
2 170 538 1
2 170 578 2
2 170 610 1
2 170 634 1
2 170 650 1
2 170 698 2
2 170 706 1
3 170 778 4810 1
2 170 794 1
2 170 842 1
2 170 850 3
2 170 866 1
2 170 890 1
2 170 898 1
2 170 962 1
2 170 970 1
2 170 986 1
2 170 1018 1
2 170 1042 1
2 170 1138 1
2 170 1378 1
2 170 1594 1
2 170 1618 1
2 170 1690 1
2 170 1730 1
2 170 1802 1
2 170 1810 1
2 170 1850 1
2 170 1930 2
2 170 2074 1
2 170 2146 2
2 170 2210 2
2 170 2314 1
3 170 2314 15130 1
2 170 2482 1
2 170 2554 1
2 170 2570 1
2 170 2890 1
2 170 3026 1
2 170 3074 1
2 170 3250 2
2 170 3538 1
2 170 3562 1
2 170 3986 1
2 170 4090 2
2 170 4682 1
2 170 4930 1
2 170 5050 1
2 170 5690 1
2 170 6154 1
2 170 6290 2
2 170 6698 2
2 170 6770 1
2 170 6778 1
2 170 7450 1
2 170 7786 2
2 170 7922 1
2 170 7930 1
2 170 8090 1
2 170 9074 1
2 170 9418 1
2 170 9874 1
2 170 11050 1
2 170 11602 1
2 170 11890 1
2 170 12410 2
2 170 12770 1
2 170 13562 1
2 170 13634 1
2 170 14162 1
2 170 15130 1
2 170 16634 1
2 170 16642 1
2 170 19210 2
2 170 22202 1
2 170 24650 1
2 170 63002 1
2 178 290 2
2 178 394 1
2 178 466 1
2 178 746 1
2 178 850 1
2 178 890 2
2 178 898 1
2 178 1010 1
2 178 1066 1
2 178 1378 1
2 178 1690 1
2 178 1730 1
2 178 2026 1
2 178 2050 1
2 178 2210 2
2 178 2314 1
2 178 2330 1
2 178 2378 1
2 178 2410 1
2 178 2762 1
2 178 2810 1
2 178 2818 1
2 178 2890 1
2 178 3026 2
2 178 3202 1
2 178 3298 1
2 178 4258 1
2 178 4930 1
2 178 5162 1
2 178 6098 1
2 178 7250 2
2 178 8146 1
2 178 10858 1
2 178 11258 1
2 178 11570 1
2 178 12994 2
2 178 15130 2
2 178 15826 1
2 178 21794 1
2 178 24026 2
2 178 30794 1
2 178 56170 1
2 178 90602 1
2 194 338 1
2 194 394 2
2 194 410 1
2 194 442 2
2 194 610 1
2 194 634 1
2 194 674 1
2 194 730 1
2 194 962 2
2 194 970 2
2 194 986 1
2 194 1018 1
2 194 1226 1
2 194 1234 1
2 194 1370 1
2 194 1570 1
2 194 1642 1
2 194 1706 1
2 194 1714 1
2 194 1858 1
2 194 2482 1
2 194 2522 1
2 194 2578 2
2 194 3034 2
2 194 3250 1
2 194 3506 1
2 194 3530 1
2 194 3802 1
2 194 3866 1
2 194 4082 1
2 194 4610 1
2 194 5626 2
2 194 9754 1
2 194 10858 1
2 194 11450 1
2 194 11530 1
2 194 12842 1
2 194 13130 2
2 194 14162 2
2 194 20290 1
2 194 31330 1
2 194 34970 1
2 194 42874 1
2 194 109562 1
2 202 274 1
2 202 290 1
2 202 370 1
2 202 410 1
2 202 442 1
2 202 530 2
2 202 610 1
2 202 626 1
2 202 698 1
2 202 730 2
2 202 818 1
2 202 850 1
2 202 890 2
2 202 1010 2
2 202 1066 1
2 202 1130 1
2 202 1202 1
2 202 1370 1
2 202 1490 1
2 202 1802 1
2 202 2146 1
2 202 2626 1
2 202 2978 1
2 202 3074 1
2 202 3434 1
2 202 3538 1
2 202 3946 2
2 202 4514 1
2 202 5858 1
2 202 6290 1
2 202 6850 1
2 202 7474 2
2 202 7666 1
2 202 8282 1
2 202 9178 1
2 202 10138 1
2 202 12322 1
2 202 12610 2
2 202 17170 2
2 202 25610 1
2 202 46658 1
2 202 65026 1
2 202 78962 1
2 218 274 1
2 218 370 1
2 218 442 1
3 218 578 2626 1
2 218 626 1
2 218 674 1
2 218 1090 3
2 218 1114 2
2 218 1354 1
2 218 1586 1
2 218 1690 1
2 218 2042 2
2 218 2834 1
2 218 3074 1
2 218 3562 1
2 218 3706 1
2 218 4658 1
2 218 4810 1
2 218 5090 1
2 218 6322 1
2 218 6770 1
2 218 9874 1
2 218 12610 1
2 218 13226 1
2 218 16490 2
2 218 22202 1
2 218 33490 1
2 226 290 1
2 226 394 1
2 226 410 1
2 226 586 1
2 226 754 2
2 226 850 1
2 226 986 1
2 226 1130 2
2 226 1202 1
2 226 1466 1
2 226 1858 1
2 226 1898 1
2 226 1906 1
2 226 2074 1
2 226 2410 1
2 226 2938 1
2 226 3218 2
2 226 3554 1
2 226 3898 1
2 226 4426 1
2 226 6266 1
2 226 6554 1
2 226 7610 1
2 226 8066 1
2 226 8362 1
2 226 10394 1
2 226 10426 1
2 226 12178 1
2 226 12290 1
2 226 18850 2
2 226 21610 1
2 226 28250 1
2 250 370 2
2 250 530 2
2 250 626 1
2 250 650 2
2 250 730 2
2 250 842 1
2 250 850 1
2 250 1090 1
2 250 1138 1
2 250 1154 1
2 250 1250 2
2 250 1258 1
2 250 1378 1
2 250 1450 1
2 250 1618 1
2 250 1642 1
2 250 1730 2
2 250 1850 2
2 250 1874 1
2 250 2122 1
2 250 2146 1
2 250 2930 2
2 250 2962 1
2 250 3050 1
2 250 3130 1
2 250 3250 2
2 250 3650 1
2 250 3770 1
2 250 3778 1
2 250 3890 2
3 250 4810 6530 1
2 250 5218 1
2 250 6698 1
2 250 7250 1
2 250 9490 1
2 250 10610 1
2 250 11450 2
2 250 11650 1
2 250 17690 1
2 250 18250 2
2 250 23530 1
2 250 24650 1
2 250 28250 2
2 274 362 1
2 274 410 1
2 274 442 2
2 274 554 1
2 274 610 1
2 274 634 1
2 274 890 1
2 274 970 1
2 274 1018 1
2 274 1370 3
2 274 1930 2
2 274 2042 1
2 274 2234 1
2 274 2378 2
2 274 3434 1
2 274 3562 1
2 274 3706 1
2 274 4058 1
3 274 5050 7474 1
2 274 5162 1
2 274 5338 1
2 274 6274 1
2 274 6322 1
2 274 7946 1
2 274 8282 1
2 274 9634 1
2 274 11234 1
2 274 11602 1
2 274 12410 2
2 274 12610 1
2 274 47090 1
2 274 149770 1
2 290 362 1
2 290 370 1
2 290 394 1
2 290 554 1
2 290 754 1
3 290 754 6266 1
2 290 850 1
2 290 866 1
2 290 890 1
2 290 914 1
2 290 986 2
2 290 1066 2
2 290 1082 1
3 290 1258 6890 1
2 290 1394 1
2 290 1450 2
2 290 1586 1
2 290 1658 1
2 290 1682 1
2 290 1730 1
2 290 1850 1
2 290 1882 1
2 290 2074 1
2 290 2122 1
2 290 2290 1
2 290 2306 1
2 290 2410 2
2 290 2738 1
2 290 3418 1
2 290 3538 1
2 290 3770 1
2 290 3970 1
2 290 4010 1
2 290 4034 1
2 290 4234 1
2 290 4450 1
2 290 4490 1
2 290 4930 2
2 290 5002 1
2 290 6170 1
2 290 6410 1
2 290 6506 1
2 290 6970 1
2 290 7330 1
2 290 8090 1
2 290 8138 1
2 290 8410 1
2 290 8506 1
2 290 9914 1
2 290 11026 1
2 290 11402 1
2 290 14690 2
2 290 17690 1
2 290 18178 1
2 290 24650 2
2 290 24730 1
2 290 42850 1
2 298 370 1
2 298 754 1
2 298 866 1
2 298 1066 1
2 298 1130 1
2 298 1490 2
2 298 1570 1
2 298 1730 1
2 298 1802 2
2 298 2146 1
2 298 2314 1
2 298 2522 1
2 298 2962 1
2 298 3874 1
2 298 4090 2
2 298 4514 1
2 298 5114 1
2 298 5314 1
2 298 5858 1
2 298 5986 1
2 298 6338 1
2 298 9074 1
2 298 9946 1
2 298 11026 2
2 298 11810 2
2 298 16090 1
2 298 17170 1
2 298 17690 2
2 298 23530 1
2 298 37250 2
2 314 482 1
2 314 578 1
2 314 730 2
2 314 1042 1
2 314 1370 1
2 314 1378 1
2 314 1394 1
2 314 1490 2
2 314 1570 2
2 314 1810 1
2 314 2218 1
2 314 2890 1
2 314 2962 1
2 314 3434 1
2 314 3538 1
2 314 4082 1
2 314 4138 1
2 314 4474 1
2 314 4706 1
3 314 5066 19210 1
2 314 5114 1
2 314 8810 1
2 314 9106 1
2 314 11930 1
2 314 16642 2
2 314 19210 1
2 314 20450 1
2 314 22922 2
2 314 39250 2
2 314 59050 1
2 338 386 1
2 338 650 1
2 338 778 2
2 338 850 1
2 338 890 1
2 338 914 1
2 338 962 1
2 338 1066 1
2 338 1138 1
2 338 1306 1
2 338 1586 1
2 338 1690 2
2 338 1970 2
2 338 2210 1
2 338 2626 1
2 338 3250 1
2 338 3298 1
2 338 4346 2
2 338 4394 2
2 338 4658 1
2 338 4706 1
2 338 5018 1
2 338 6266 1
2 338 6442 1
2 338 6890 1
2 338 9802 1
2 338 10034 1
2 338 14170 1
2 338 16042 1
2 338 19450 1
2 338 25922 1
2 338 34970 1
2 338 38194 2
2 346 458 1
2 346 578 2
2 346 794 1
2 346 818 1
2 346 898 1
2 346 922 1
2 346 1186 1
2 346 1450 1
2 346 1570 1
2 346 1690 1
2 346 1730 2
2 346 2018 1
2 346 2098 1
2 346 2146 1
2 346 3842 1
2 346 3970 1
2 346 4330 1
2 346 4498 1
2 346 4810 1
2 346 5330 1
2 346 6890 2
2 346 7306 1
2 346 7570 1
2 346 7922 1
2 346 8002 1
2 346 9410 1
2 346 9802 1
2 346 10034 1
2 346 10610 2
2 346 12770 1
2 346 12802 2
2 346 12970 1
2 346 14450 1
2 346 15130 1
2 362 442 1
3 362 466 1810 1
2 362 922 1
2 362 1082 1
2 362 1730 1
3 362 1810 3194 1
2 362 1930 1
2 362 2210 1
2 362 2330 1
2 362 2570 1
2 362 2594 1
2 362 3034 1
2 362 3490 2
2 362 3778 1
2 362 4082 1
2 362 4706 1
2 362 5402 1
2 362 6290 1
2 362 6514 1
2 362 7298 1
2 362 10498 1
2 362 11026 1
2 362 13394 1
2 362 17210 2
2 362 27970 1
2 370 442 1
2 370 458 1
2 370 562 1
2 370 586 1
2 370 802 1
2 370 890 2
2 370 962 2
2 370 970 1
2 370 986 1
2 370 1258 2
2 370 1322 1
2 370 1450 1
2 370 1546 1
2 370 1682 1
2 370 1730 1
2 370 1850 3
2 370 2074 1
2 370 2146 1
2 370 2194 1
2 370 2458 1
2 370 2690 2
2 370 2834 1
2 370 3050 1
2 370 3098 1
2 370 3250 1
2 370 3434 1
2 370 3490 1
2 370 3890 1
2 370 4138 1
2 370 4474 1
2 370 4810 1
2 370 5330 1
2 370 5402 1
2 370 6290 1
2 370 7690 1
2 370 8194 1
2 370 9490 1
2 370 9554 1
2 370 11026 1
2 370 13690 2
2 370 24650 2
2 370 28906 1
2 370 32042 1
2 370 36482 1
2 370 50626 1
2 386 442 1
2 386 458 1
2 386 466 1
2 386 586 1
2 386 778 1
2 386 850 2
2 386 866 1
2 386 1066 1
2 386 1354 1
2 386 1370 2
2 386 1594 1
2 386 1930 2
2 386 2482 1
2 386 2570 2
2 386 3050 1
2 386 4346 1
2 386 5018 1
2 386 5402 1
2 386 5506 1
2 386 5626 1
2 386 5690 1
2 386 6562 2
2 386 11194 1
2 386 11882 1
2 386 25922 1
2 386 37370 1
2 386 43618 2
2 394 442 1
2 394 514 1
2 394 554 2
2 394 1258 1
2 394 1466 1
2 394 1618 1
2 394 1658 1
3 394 1690 1858 1
2 394 1970 2
2 394 2722 1
2 394 2866 1
2 394 3778 1
2 394 5066 1
2 394 5122 1
2 394 6530 1
2 394 6698 2
2 394 6994 1
2 394 7538 1
2 394 13130 1
2 394 20098 1
2 394 33490 2
2 394 44522 2
2 410 530 2
2 410 626 1
2 410 706 1
2 410 754 1
2 410 818 1
2 410 962 1
2 410 1066 2
2 410 1250 1
2 410 1354 1
2 410 1394 1
2 410 1490 1
2 410 1850 1
2 410 1858 2
2 410 1906 1
2 410 2050 1
2 410 2146 1
2 410 2210 1
2 410 2378 1
2 410 2650 2
2 410 2866 1
2 410 3434 1
2 410 3506 1
2 410 3538 1
2 410 4930 1
2 410 5066 1
2 410 5210 1
2 410 5330 2
2 410 5578 1
2 410 5986 1
2 410 7450 1
2 410 9250 1
2 410 11234 1
2 410 11890 1
2 410 12610 1
2 410 15170 1
2 410 17690 1
2 410 18778 2
2 410 18850 1
2 410 22714 1
2 410 24026 1
2 410 29930 1
2 410 37250 1
2 442 482 1
2 442 530 1
2 442 538 1
2 442 650 1
2 442 850 1
2 442 890 2
2 442 914 1
2 442 962 1
2 442 1042 1
2 442 1066 1
2 442 1258 1
2 442 1394 1
2 442 1402 2
2 442 1490 1
2 442 1994 1
2 442 2066 1
2 442 2210 3
2 442 2314 1
2 442 2498 1
2 442 2890 1
2 442 3034 1
2 442 3050 1
2 442 3434 2
2 442 3490 1
2 442 3730 2
2 442 3866 1
2 442 4394 1
2 442 4706 1
2 442 4810 1
2 442 5018 2
2 442 5386 1
2 442 5746 1
2 442 6322 1
2 442 6562 1
2 442 6730 1
2 442 9370 1
2 442 13130 1
2 442 14794 1
2 442 16066 1
2 442 16354 1
2 442 20498 1
2 442 28250 1
2 442 43618 1
2 442 106930 1
2 458 674 1
2 458 986 1
2 458 1378 1
2 458 1642 2
2 458 1658 1
2 458 2290 2
2 458 2938 1
2 458 3034 1
2 458 5930 1
2 458 5954 1
2 458 6722 1
2 458 7090 1
2 458 7570 1
2 458 9410 2
2 458 13690 2
2 458 16130 1
2 458 18770 1
2 458 18778 1
2 466 514 1
2 466 562 1
2 466 746 1
2 466 890 1
2 466 970 1
2 466 986 1
2 466 1874 1
2 466 1898 1
2 466 2330 1
3 466 2330 3194 1
2 466 3338 1
2 466 3442 1
2 466 3490 1
2 466 3730 1
2 466 4618 1
2 466 5330 2
2 466 5882 1
2 466 6058 1
2 466 7922 2
2 482 538 2
2 482 634 2
2 482 698 1
2 482 842 1
2 482 962 1
2 482 986 1
2 482 1130 1
2 482 1450 2
2 482 1898 1
2 482 2410 2
2 482 2474 1
2 482 3530 1
2 482 3770 1
2 482 4930 1
2 482 6266 2
2 482 6290 1
2 482 7090 1
2 482 8290 1
2 482 21610 1
2 482 22802 1
2 514 650 1
2 514 730 1
2 514 1114 1
2 514 1378 1
2 514 1514 1
2 514 1930 1
2 514 1970 1
2 514 2186 1
2 514 2570 2
2 514 2930 1
2 514 3442 1
2 514 3994 1
2 514 4954 1
2 514 5114 1
2 514 6682 1
2 514 6994 1
2 514 7850 1
2 514 14162 1
2 514 14906 1
2 514 58082 1
2 514 74530 1
2 530 562 1
2 530 626 1
3 530 650 2050 1
2 530 890 1
2 530 914 1
2 530 1090 1
2 530 1138 1
2 530 1258 1
2 530 1378 2
2 530 1570 1
2 530 1898 1
2 530 1930 1
2 530 2050 1
2 530 2650 1
2 530 2930 2
2 530 3106 1
2 530 3250 1
2 530 3530 1
2 530 3826 1
2 530 3890 1
2 530 4498 1
2 530 5050 2
2 530 6890 2
2 530 7850 1
2 530 15130 1
2 530 15370 1
2 530 75154 1
2 538 634 1
2 538 698 2
2 538 802 1
2 538 1394 1
2 538 1450 1
2 538 1546 1
2 538 1682 1
2 538 2690 2
2 538 2858 1
2 538 3986 1
2 538 6994 2
2 538 14794 1
2 538 27130 1
2 554 922 1
2 554 1010 1
2 554 1138 1
2 554 1258 1
3 554 1402 16066 1
2 554 1586 1
2 554 1618 1
2 554 1762 1
2 554 2722 1
2 554 2770 2
2 554 3562 1
2 554 4210 1
2 554 5090 1
2 554 7930 1
2 554 8242 1
2 554 8282 1
2 554 9418 1
2 554 9850 1
2 554 16354 1
2 554 18730 1
2 554 20498 1
2 554 22714 1
2 554 29930 1
2 554 47090 2
2 562 650 1
2 562 794 1
3 562 986 1898 1
2 562 1898 1
2 562 2810 3
2 562 3106 1
2 562 3730 1
2 562 4442 1
2 562 5882 1
2 562 6290 1
2 562 6410 1
2 562 7306 1
2 562 10282 1
2 562 15130 1
2 562 16298 1
2 562 24650 1
2 562 36482 1
2 578 698 1
2 578 754 1
2 578 850 1
2 578 890 1
2 578 922 1
2 578 1258 1
2 578 1282 1
2 578 1490 1
2 578 1810 1
2 578 2018 1
2 578 2066 1
2 578 2210 1
2 578 2498 1
2 578 2890 2
2 578 3026 1
2 578 3538 1
2 578 3970 1
2 578 5330 1
2 578 5386 1
2 578 6290 1
2 578 6562 2
2 578 7514 1
2 578 8650 2
2 578 16354 1
2 578 16762 1
2 578 17170 1
2 578 20450 1
2 578 21386 2
2 578 23698 1
2 578 33490 1
2 586 674 1
2 586 706 1
2 586 730 1
2 586 1370 2
2 586 1522 1
2 586 1538 1
2 586 1570 1
2 586 1682 2
2 586 1850 1
2 586 2210 1
2 586 2570 1
2 586 2866 1
2 586 2930 1
2 586 3578 1
2 586 6682 1
2 586 17170 1
2 586 24026 1
3 610 754 54290 1
2 610 850 1
2 610 986 1
2 610 1018 1
3 610 1154 54290 1
2 610 1258 1
2 610 1322 1
2 610 1586 2
2 610 1850 1
2 610 1898 2
2 610 2026 1
2 610 2074 1
2 610 2378 1
2 610 2810 1
2 610 3050 1
2 610 3250 1
2 610 3274 1
2 610 4010 1
2 610 5122 1
2 610 5930 1
2 610 6010 1
2 610 6290 1
2 610 6730 1
2 610 6890 1
2 610 7930 1
2 610 12410 1
2 610 17170 1
2 610 28426 1
2 610 35722 1
2 610 42874 1
2 610 51410 1
2 626 730 1
2 626 1186 1
2 626 1490 1
2 626 2042 1
2 626 2986 1
2 626 3074 1
2 626 3130 1
2 626 3538 1
2 626 5050 1
2 626 5338 1
2 626 6058 1
2 626 8138 1
2 626 8738 1
2 626 9346 1
2 626 12610 1
2 634 674 1
2 634 698 1
2 634 890 1
2 634 1450 1
2 634 1618 1
2 634 1642 1
2 634 1690 1
2 634 1706 1
2 634 2762 1
2 634 3170 2
2 634 3530 1
2 634 3874 1
2 634 4610 1
2 634 6178 1
2 634 7850 1
2 634 8242 2
2 634 11450 1
2 634 32482 1
2 650 802 1
2 650 898 1
2 650 962 2
2 650 1090 1
2 650 1130 1
2 650 1234 1
2 650 1378 1
2 650 1490 1
2 650 1690 2
2 650 1850 1
2 650 1898 2
2 650 2074 1
2 650 2146 1
2 650 2210 2
2 650 2290 1
2 650 2458 1
2 650 2690 1
2 650 2746 1
2 650 3026 1
2 650 3250 2
2 650 3490 2
2 650 3898 1
2 650 3970 1
2 650 4330 1
2 650 4498 2
2 650 4570 1
2 650 5050 1
3 650 5050 41210 1
2 650 5186 1
2 650 6010 1
2 650 6290 1
2 650 7090 1
2 650 7618 1
2 650 7730 1
2 650 9050 1
2 650 9802 1
2 650 11450 1
2 650 14162 1
2 650 15130 1
2 650 17210 1
2 650 20450 1
2 650 24050 1
2 650 25922 1
2 674 1042 1
2 674 1642 1
2 674 1682 1
2 674 1706 1
2 674 1898 1
2 674 2762 1
2 674 2938 1
2 674 3370 1
2 674 4010 1
2 674 4058 1
2 674 4610 1
2 674 7570 1
2 674 8762 1
2 674 9410 1
2 674 11450 1
2 674 24650 1
2 674 35722 1
2 698 746 1
2 698 754 1
2 698 1450 1
2 698 1682 1
2 698 1810 1
2 698 2018 1
2 698 2210 1
2 698 3490 2
2 698 3874 1
2 698 3986 1
2 698 6322 1
2 698 8650 1
2 698 9074 2
2 706 802 1
2 706 970 1
2 706 1082 1
2 706 1202 1
2 706 1754 2
2 706 2410 1
2 706 2498 1
2 706 2626 1
2 706 3170 2
2 706 3530 1
2 706 3706 1
2 706 3922 1
2 706 4490 1
2 706 4762 1
2 706 6010 1
2 706 6154 1
2 706 8090 1
2 706 8530 1
2 706 9178 1
2 706 11978 1
2 706 14906 1
2 706 18850 1
2 706 19370 1
2 706 72362 1
2 730 842 1
2 730 850 1
2 730 1010 1
2 730 1130 1
2 730 1258 1
2 730 1370 1
2 730 1514 1
2 730 1586 1
2 730 1618 1
2 730 1658 1
2 730 1898 2
2 730 2290 1
2 730 2482 1
2 730 2690 1
2 730 3074 1
2 730 3650 1
2 730 4658 1
2 730 4810 1
2 730 4930 1
2 730 5114 1
2 730 6250 1
2 730 7850 1
2 730 8810 2
2 730 9490 1
2 730 22714 1
2 730 29930 1
2 730 37250 1
2 730 65026 1
2 730 78962 1
2 746 1010 1
2 746 1810 1
2 746 2210 1
2 746 2330 1
2 746 2858 1
2 746 3730 1
2 746 3874 1
2 746 3986 1
2 754 890 1
2 754 914 1
2 754 962 1
2 754 970 1
2 754 1154 2
2 754 1202 1
2 754 1282 1
2 754 1418 1
2 754 1850 1
2 754 2146 1
2 754 2210 1
2 754 2218 1
2 754 2378 1
2 754 2482 1
2 754 2890 1
2 754 3130 1
2 754 3538 1
2 754 3554 1
2 754 3602 1
2 754 3770 2
2 754 4498 1
2 754 4930 1
2 754 5650 2
2 754 6266 1
2 754 7954 1
2 754 8186 1
2 754 8570 1
2 754 8650 1
2 754 9802 2
2 754 10970 1
2 754 11194 1
2 754 13210 1
2 754 33130 1
2 754 35786 1
2 754 38194 1
2 754 62002 1
2 754 64298 1
2 754 71282 1
2 754 78962 1
2 754 94250 1
2 778 850 1
2 778 890 1
2 778 962 1
2 778 1090 1
2 778 1154 1
2 778 1306 1
2 778 1714 1
2 778 3170 1
2 778 3890 1
2 778 4034 1
2 778 4346 1
2 778 5690 2
2 778 5882 1
2 778 9418 1
2 778 10034 1
2 778 13226 2
2 778 18850 1
2 778 25922 1
2 794 850 1
2 794 898 1
2 794 1066 1
2 794 1234 1
2 794 2194 1
2 794 3026 1
2 794 3530 1
2 794 3770 1
2 794 3874 1
2 794 3970 2
2 794 6410 2
2 794 7922 2
2 794 29378 1
2 802 970 1
2 802 1082 1
2 802 1378 1
2 802 1522 1
2 802 3050 1
2 802 3170 1
2 802 3370 1
2 802 3434 1
2 802 3706 1
2 802 3922 1
2 802 4010 1
2 802 4658 1
2 802 6154 1
2 802 6290 1
2 802 8530 1
2 802 10426 1
2 802 14906 1
2 802 72362 1
2 818 986 1
2 818 1378 1
2 818 1490 1
2 818 3250 1
2 818 4090 2
2 818 4330 1
2 818 4562 1
2 818 5746 1
2 818 7618 1
2 818 9178 2
2 818 11194 1
2 818 12770 1
2 818 15130 1
2 818 17690 1
2 818 26570 1
2 818 29930 1
2 842 962 1
2 842 1418 1
2 842 1450 1
2 842 1586 1
2 842 1618 1
2 842 2770 1
2 842 3226 1
2 842 3754 1
2 842 4210 1
2 842 4282 1
2 842 5162 1
2 842 6466 1
2 842 7234 1
2 842 7930 1
2 842 8290 1
2 850 970 1
2 850 1250 1
2 850 1258 1
2 850 1354 2
3 850 1570 2482 1
2 850 1594 1
2 850 1690 1
2 850 1730 1
2 850 1850 1
2 850 1994 1
2 850 2210 2
2 850 2234 1
2 850 2426 1
2 850 2482 1
2 850 2690 1
2 850 2890 1
2 850 3250 1
2 850 3490 1
2 850 4210 1
2 850 4250 1
2 850 4346 1
2 850 4490 1
2 850 4538 1
2 850 5626 1
2 850 5690 1
2 850 5882 2
2 850 6562 1
2 850 6890 1
2 850 8650 1
2 850 9962 1
2 850 11570 1
2 850 11882 1
2 850 12770 1
2 850 13226 2
3 850 15370 16298 1
3 850 16354 22202 1
2 850 20450 2
2 850 23410 1
2 850 25922 1
2 850 33490 2
2 850 37250 1
2 850 45370 1
2 850 47090 1
2 866 986 1
2 866 1226 1
2 866 1490 1
2 866 1730 2
2 866 2050 1
2 866 2122 1
2 866 2314 1
2 866 2554 1
2 866 3026 1
2 866 3362 1
2 866 3418 1
2 866 4090 1
2 866 4330 1
2 866 5794 1
2 866 10090 1
2 866 11258 1
2 866 16642 1
2 866 24050 1
2 866 32042 2
2 890 1066 1
2 890 1394 1
2 890 1450 1
2 890 2066 1
2 890 2314 2
2 890 2626 1
2 890 2834 1
2 890 3026 2
2 890 4250 1
2 890 4450 1
2 890 4490 1
2 890 4498 1
2 890 5050 1
2 890 5330 1
2 890 5458 1
2 890 6602 1
2 890 8650 1
2 890 9554 1
2 890 11234 1
2 890 11570 1
2 890 11890 1
2 890 14090 1
2 890 15130 2
2 890 24650 1
2 890 54290 1
2 898 1186 1
2 898 2098 1
2 898 2314 1
2 898 3026 1
2 898 3034 1
2 898 4490 2
2 898 6890 1
2 898 7298 1
2 898 19850 1
2 898 26650 1
2 914 1402 1
2 914 2138 1
2 914 2210 1
2 914 4234 1
2 914 4450 1
2 914 4570 1
2 914 5018 1
2 914 6970 1
2 914 11882 2
2 922 1282 2
2 922 1346 1
2 922 2042 1
2 922 2290 1
2 922 2834 1
2 922 3314 1
2 922 3922 1
2 922 3970 1
2 922 4082 2
2 922 4610 2
2 922 4930 1
2 922 5002 1
2 922 5330 1
2 922 6074 1
2 922 34114 2
2 962 1018 1
2 962 1042 1
2 962 1090 1
2 962 1138 1
2 962 1394 1
3 962 1450 6290 1
2 962 1546 1
2 962 2194 1
2 962 2314 1
2 962 2522 1
2 962 2738 1
2 962 3034 1
2 962 4810 1
2 962 5770 2
2 962 6994 2
2 962 7474 1
2 962 8290 2
2 962 9074 1
2 962 9418 1
2 962 10034 1
2 962 10114 1
2 962 12410 1
2 962 19994 1
2 962 21386 1
3 962 22826 23426 1
2 970 1082 1
2 970 1154 1
2 970 1322 1
2 970 1418 1
2 970 1970 2
2 970 2026 1
2 970 2210 1
2 970 2306 1
3 970 2378 12610 1
2 970 2522 2
2 970 2626 1
2 970 2834 1
2 970 3170 1
2 970 3298 1
2 970 3706 2
2 970 3922 1
2 970 4058 1
2 970 4850 1
2 970 4930 1
2 970 4954 1
2 970 5378 1
2 970 6130 1
2 970 6170 1
2 970 8530 1
2 970 8570 1
2 970 12410 1
2 970 14906 1
2 970 15170 1
2 970 18778 1
2 970 39962 1
2 970 54290 1
2 970 61162 1
2 970 72362 1
2 986 1258 1
2 986 1450 1
2 986 1658 1
2 986 1714 1
2 986 1730 1
2 986 2018 1
2 986 2146 1
2 986 3026 1
2 986 3466 1
2 986 3730 1
2 986 4210 1
2 986 4442 1
2 986 4930 2
2 986 5410 1
2 986 5882 1
2 986 6730 1
2 986 7090 2
2 986 7786 1
2 986 7922 1
2 986 8770 1
2 986 9802 2
2 986 10858 1
2 986 11194 2
2 986 14906 1
2 986 15130 2
2 986 16130 1
2 986 18770 1
2 986 18850 1
2 986 24922 1
2 986 33002 1
2 986 36482 2
2 986 40426 1
2 986 46226 2
2 986 50626 1
2 986 67082 1
2 986 74530 1
2 986 106930 1
2 1010 1258 2
2 1010 1370 1
2 1010 1466 1
2 1010 1802 1
2 1010 1850 1
2 1010 2050 1
2 1010 2210 1
2 1010 2522 1
2 1010 2626 2
2 1010 2650 1
2 1010 3050 1
2 1010 3434 1
2 1010 4250 1
2 1010 5050 2
2 1010 5330 1
2 1010 5722 1
2 1010 5914 1
2 1010 6010 1
2 1010 7450 1
2 1010 13130 1
2 1010 15370 1
2 1010 17170 1
2 1010 37370 2
2 1010 85850 2
2 1018 1154 1
2 1018 1378 1
2 1018 1586 1
2 1018 1898 1
2 1018 2578 1
2 1018 3746 1
2 1018 4778 1
2 1018 5090 1
2 1018 5770 1
2 1018 5906 1
2 1018 5986 1
2 1018 7274 1
2 1018 13130 1
2 1018 90602 2
2 1042 2194 1
2 1042 2314 1
2 1042 4282 1
2 1042 5210 1
2 1042 6122 1
2 1042 6770 2
2 1042 12410 1
2 1042 24650 1
2 1042 42850 1
2 1042 47402 1
2 1066 1186 1
2 1066 1346 1
2 1066 1378 1
2 1066 2330 1
2 1066 3026 1
2 1066 3034 1
2 1066 3250 1
2 1066 3362 1
2 1066 3530 1
2 1066 3874 1
2 1066 4450 1
2 1066 4810 1
2 1066 5002 1
2 1066 5330 2
2 1066 6778 1
2 1066 6890 1
2 1066 7922 1
2 1066 8282 2
2 1066 8738 1
2 1066 10490 1
2 1066 14690 1
2 1066 65026 1
2 1082 1538 1
2 1082 1762 1
2 1082 2810 1
2 1082 3034 1
2 1082 3170 1
2 1082 3706 1
2 1082 3922 2
2 1082 4082 1
2 1082 4754 1
2 1082 5410 1
2 1082 8530 1
2 1082 11026 1
2 1082 14066 1
2 1082 14906 1
2 1082 72362 1
2 1090 1226 1
2 1090 1306 1
2 1090 1618 1
2 1090 1850 1
2 1090 2522 1
2 1090 2834 2
3 1090 2890 13130 1
2 1090 3130 1
2 1090 3298 2
2 1090 3706 1
2 1090 5450 1
2 1090 5570 1
2 1090 6698 1
2 1090 8762 1
2 1090 9418 1
2 1090 10034 1
2 1090 10210 1
2 1090 14170 1
2 1090 15370 1
2 1090 24922 1
2 1114 2074 1
2 1114 2258 1
2 1114 2362 1
2 1114 3434 1
2 1114 3562 1
2 1114 5450 1
2 1114 6130 1
2 1114 16490 1
2 1130 1450 1
2 1130 1466 1
2 1130 1970 1
2 1130 2050 1
2 1130 2386 1
2 1130 2930 1
2 1130 2938 1
3 1130 2938 31330 1
2 1130 3074 1
2 1130 3218 1
2 1130 3554 1
2 1130 3770 2
2 1130 3842 1
2 1130 4930 1
2 1130 5338 1
2 1130 5602 1
2 1130 5650 1
2 1130 7330 1
2 1130 9490 1
2 1130 14690 1
2 1130 16090 1
2 1130 22714 1
2 1130 44522 2
2 1130 65026 1
2 1130 78962 1
2 1138 1658 1
2 1138 1930 1
2 1138 2042 1
2 1138 3890 1
2 1138 5266 1
2 1138 5690 1
2 1138 8282 1
2 1138 12410 1
2 1138 14794 1
2 1138 46658 1
2 1138 47090 1
2 1154 1354 1
2 1154 1418 1
2 1154 1450 1
2 1154 4426 1
2 1154 4810 2
2 1154 4930 1
2 1154 5690 1
2 1154 5770 1
2 1154 8570 1
2 1154 62050 1
2 1186 1514 1
2 1186 2098 1
2 1186 2186 1
2 1186 2818 1
2 1186 3026 1
2 1186 4658 1
2 1186 5930 2
2 1186 6154 1
2 1186 6890 1
2 1186 26650 1
2 1202 1402 1
2 1202 1754 1
2 1202 2218 1
2 1202 2330 1
2 1202 2498 1
2 1202 3650 1
2 1202 6010 1
2 1202 6922 1
2 1202 9370 1
2 1202 11930 1
2 1202 15626 2
2 1202 19402 1
2 1226 1370 1
2 1226 2482 1
2 1226 2522 1
2 1226 3130 1
2 1226 3922 1
2 1226 5690 1
2 1226 10210 1
2 1226 11458 1
2 1226 15370 1
2 1226 15938 1
2 1234 1378 1
2 1234 1850 1
2 1234 2186 1
2 1234 2434 1
2 1234 3274 1
2 1234 3506 1
2 1234 6170 1
2 1234 6466 1
2 1234 6610 2
2 1234 14162 1
2 1234 16042 1
2 1234 50594 1
2 1250 1586 1
2 1250 1850 1
2 1250 3130 1
2 1250 3250 2
2 1250 3650 1
2 1250 4250 1
2 1250 6562 2
2 1250 8210 1
2 1250 8650 2
2 1250 10610 1
2 1250 13226 1
2 1250 16042 1
2 1250 18850 1
2 1250 19450 1
2 1250 24050 1
2 1250 33490 1
2 1258 1466 1
2 1258 1594 1
2 1258 1754 1
2 1258 1762 1
2 1258 1850 1
2 1258 2138 1
2 1258 2378 1
2 1258 2434 1
2 1258 2602 1
2 1258 2738 1
2 1258 2906 1
2 1258 3026 2
2 1258 3098 1
2 1258 3250 1
2 1258 3538 1
2 1258 4090 1
2 1258 5122 1
2 1258 6290 1
2 1258 7738 1
2 1258 8242 1
2 1258 12802 1
2 1258 16354 1
2 1258 21386 1
2 1258 37370 1
2 1258 106930 2
2 1282 1322 1
2 1282 1394 1
2 1282 2098 1
2 1282 2626 1
2 1282 2650 1
2 1282 2810 1
2 1282 3250 1
2 1282 3482 1
2 1282 3970 2
2 1282 5330 1
2 1282 6410 1
2 1282 6434 1
2 1282 34114 1
2 1282 47434 1
2 1306 1450 1
2 1306 1970 1
2 1306 5098 1
2 1306 6530 1
2 1306 9418 1
2 1306 10034 1
2 1306 13610 1
2 1306 22202 2
2 1322 2138 1
2 1322 2306 1
2 1322 2834 1
2 1322 3250 1
2 1322 4474 1
2 1322 6170 2
2 1322 6610 1
2 1322 7058 1
2 1322 17530 1
2 1322 35722 1
2 1322 39962 1
2 1322 61162 1
2 1346 1850 1
2 1346 4082 1
2 1346 4930 2
2 1346 5858 1
2 1346 27050 1
2 1346 38450 1
2 1354 1570 1
2 1354 2234 1
2 1354 4810 1
2 1354 5210 1
2 1354 5626 2
2 1354 6770 1
2 1354 62050 1
2 1370 1522 1
2 1370 1586 1
2 1370 1810 1
2 1370 2210 1
2 1370 2482 1
2 1370 2770 1
3 1370 3050 4514 1
2 1370 3170 1
2 1370 3562 1
2 1370 4546 1
2 1370 4850 1
2 1370 5858 1
2 1370 6362 1
2 1370 11170 1
2 1370 11458 1
2 1370 11890 1
2 1370 17170 1
2 1370 56170 1
2 1370 62050 1
2 1378 1514 1
3 1378 1690 5330 1
2 1378 1730 1
2 1378 1810 1
2 1378 1954 1
2 1378 2186 1
2 1378 2314 1
2 1378 3026 1
2 1378 3338 1
2 1378 3746 1
2 1378 3922 1
2 1378 4082 1
2 1378 4346 1
2 1378 5042 1
2 1378 5330 1
2 1378 6890 2
2 1378 13130 1
2 1378 14162 1
2 1378 94250 1
2 1394 1802 1
2 1394 2650 1
2 1394 2810 1
2 1394 2962 1
2 1394 3034 1
2 1394 4570 1
2 1394 5066 1
2 1394 5330 1
2 1394 5482 1
2 1394 6682 1
2 1394 9010 1
2 1394 12994 1
2 1394 16762 1
2 1394 34114 1
2 1402 1994 1
2 1402 3730 1
2 1402 4162 1
2 1402 5018 1
2 1402 18226 1
2 1418 2290 1
2 1418 2770 1
2 1418 3226 1
2 1418 3754 1
2 1418 4282 1
2 1418 4930 2
2 1418 6466 1
2 1418 7090 1
2 1418 7930 1
2 1418 8570 1
2 1418 54290 1
2 1450 1546 1
2 1450 1706 1
2 1450 1810 1
2 1450 2146 1
2 1450 2938 1
2 1450 3394 1
3 1450 3770 31330 1
2 1450 4234 1
2 1450 4330 1
2 1450 4930 2
2 1450 5330 2
2 1450 7250 2
2 1450 7930 1
2 1450 8290 1
3 1450 9554 11530 1
2 1450 10034 1
2 1450 10610 1
2 1450 11234 1
2 1450 11450 1
2 1450 13690 1
2 1450 22826 1
2 1450 24650 2
2 1466 1762 1
2 1466 1858 1
2 1466 2762 1
2 1466 3218 1
2 1466 3770 1
2 1466 7330 2
2 1466 8242 1
2 1466 10250 1
2 1466 22178 1
2 1466 113570 1
2 1466 124610 1
2 1490 1714 1
2 1490 2018 1
2 1490 2234 1
2 1490 2362 1
2 1490 3538 2
2 1490 3874 1
2 1490 4274 1
2 1490 5338 1
2 1490 5650 1
2 1490 6058 1
2 1490 7034 1
2 1490 7450 2
2 1490 7850 1
2 1490 8650 1
2 1490 9010 1
2 1490 9178 1
2 1490 11194 1
2 1490 20450 2
2 1490 59050 1
2 1490 85850 1
2 1490 117650 1
2 1514 1882 1
2 1514 2434 1
2 1514 3026 1
2 1514 4658 1
2 1514 6154 1
2 1514 7570 2
2 1514 14690 1
2 1522 1682 1
2 1522 1810 1
2 1522 4546 1
2 1522 14170 1
2 1538 1874 1
2 1538 2074 1
2 1538 2818 1
2 1538 3026 1
2 1538 3034 1
2 1538 3538 1
2 1538 5666 1
2 1538 6010 1
2 1538 6658 1
2 1538 7690 1
2 1538 7730 1
2 1538 11026 1
2 1538 15370 1
2 1546 1706 1
2 1546 1810 1
2 1546 3074 1
2 1546 7730 2
2 1546 9250 1
2 1570 1802 1
2 1570 2234 1
2 1570 2410 1
2 1570 2866 1
2 1570 3650 1
2 1570 3842 1
2 1570 4082 1
2 1570 5626 1
2 1570 6058 1
2 1570 6506 1
2 1570 6890 1
2 1570 7450 1
2 1570 7850 1
2 1570 11090 1
2 1570 17170 1
2 1570 17690 1
2 1570 23530 1
2 1586 1658 1
2 1586 2258 1
2 1586 2770 2
2 1586 3650 1
2 1586 3746 1
2 1586 3802 1
2 1586 4034 1
2 1586 4210 1
2 1586 4514 1
2 1586 4810 1
2 1586 5002 1
2 1586 7930 1
2 1586 8810 1
2 1586 10426 2
2 1586 12322 2
2 1586 13226 1
2 1586 14690 1
2 1586 15626 1
2 1586 22202 1
2 1586 22802 1
2 1594 2570 1
2 1594 3250 1
2 1594 6890 1
2 1594 11882 1
2 1618 3298 1
2 1618 4178 1
2 1618 5162 1
2 1618 6698 1
2 1618 8090 1
2 1618 16354 1
2 1642 1706 1
2 1642 2194 1
2 1642 2762 1
2 1642 3034 1
2 1642 3770 1
2 1642 4234 1
2 1642 4610 1
2 1642 5506 1
2 1642 6466 1
2 1642 11450 1
2 1642 14170 1
2 1642 24650 1
2 1642 42850 1
2 1658 2042 1
2 1658 2722 1
2 1658 3890 1
2 1658 4034 1
2 1658 4210 1
2 1658 4810 1
2 1658 5002 1
2 1658 6898 1
2 1658 7090 1
2 1658 8282 1
2 1658 8290 1
2 1658 16130 1
2 1658 18770 1
2 1658 47090 1
2 1682 1850 1
2 1682 3418 1
2 1682 3578 1
2 1682 4930 1
2 1682 9802 1
2 1682 14170 1
2 1690 1930 1
2 1690 2834 1
2 1690 2938 1
2 1690 3890 1
2 1690 4394 1
2 1690 4450 1
2 1690 4514 1
2 1690 4786 1
2 1690 4810 1
2 1690 6530 1
2 1690 6994 1
2 1690 9074 1
2 1690 11258 1
2 1690 11882 1
2 1690 13130 1
2 1690 15626 1
2 1690 20098 1
2 1690 23530 1
2 1690 25090 1
2 1690 30794 1
2 1690 31330 1
2 1690 44746 1
2 1706 1810 1
2 1706 2762 1
2 1706 3298 1
2 1706 4234 1
2 1706 4610 1
2 1706 6466 1
2 1706 8530 2
2 1706 11450 1
2 1706 14170 1
2 1714 2642 1
2 1714 3466 1
2 1714 8570 2
2 1714 10858 1
2 1730 1882 1
2 1730 1898 1
2 1730 2122 1
2 1730 2594 1
2 1730 2890 1
2 1730 3026 1
2 1730 3362 1
2 1730 4090 1
2 1730 4490 1
2 1730 4498 1
3 1730 5162 19210 1
2 1730 5882 1
2 1730 5930 1
2 1730 7250 1
2 1730 7850 1
2 1730 8650 2
2 1730 10490 1
2 1730 16642 1
2 1730 64010 1
2 1754 1994 1
2 1754 2410 1
2 1754 2498 1
2 1754 12370 1
2 1754 22802 1
2 1762 2522 1
2 1762 3562 1
2 1762 3650 1
2 1762 5090 1
2 1762 7930 1
2 1762 8242 1
2 1762 8810 2
2 1762 18730 1
2 1762 22178 1
2 1762 113570 1
2 1762 149770 1
2 1802 2050 1
3 1802 2146 17690 1
2 1802 2306 1
2 1802 2570 1
2 1802 2650 1
2 1802 2962 1
2 1802 3026 1
2 1802 3130 1
2 1802 3562 1
2 1802 3922 1
2 1802 4258 1
2 1802 5114 1
2 1802 5338 1
2 1802 5402 2
2 1802 6562 1
2 1802 7450 1
2 1802 10930 1
2 1802 17170 2
2 1810 2018 1
2 1810 2210 1
3 1810 2330 9050 1
2 1810 3338 1
2 1810 3442 1
2 1810 3482 1
2 1810 3722 1
2 1810 3994 1
2 1810 4706 1
2 1810 6002 1
2 1810 8066 1
2 1810 8650 1
2 1810 9050 1
2 1810 11650 1
2 1810 12970 1
2 1850 2026 1
2 1850 2434 1
2 1850 2738 2
2 1850 2810 1
2 1850 2930 1
2 1850 3578 1
2 1850 4010 1
2 1850 4450 1
2 1850 4810 1
2 1850 4930 1
2 1850 5402 2
2 1850 6290 1
2 1850 6610 1
2 1850 8410 1
2 1850 8650 1
2 1850 12802 2
2 1850 38450 1
2 1858 5066 2
2 1858 10250 1
2 1858 23530 1
2 1858 44746 1
2 1874 2386 1
2 1874 2594 1
2 1874 2890 1
2 1874 3530 1
2 1874 3770 1
2 1874 11258 1
2 1874 32482 1
2 1882 2290 1
2 1882 3026 1
2 1882 9410 2
2 1898 2210 1
2 1898 2578 1
2 1898 2938 1
2 1898 3106 1
2 1898 3274 1
2 1898 3898 1
2 1898 5402 1
2 1898 5410 1
2 1898 5714 1
2 1898 5818 1
2 1898 5834 1
2 1898 6290 1
2 1898 6994 1
2 1898 70226 1
2 1898 168922 1
2 1906 2018 1
2 1906 2498 1
2 1906 4330 1
2 1906 4498 1
2 1906 11570 1
2 1906 18850 1
3 1930 2290 2738 1
2 1930 2930 1
2 1930 2986 1
2 1930 3226 1
2 1930 3826 1
2 1930 4250 1
2 1930 5018 1
2 1930 5330 1
2 1930 6562 1
2 1930 6994 1
2 1930 12218 1
2 1930 12410 1
2 1930 20162 1
2 1954 2938 1
2 1954 4490 1
2 1954 5930 1
2 1954 7570 1
2 1954 24154 1
2 1970 2146 1
2 1970 2210 1
2 1970 2770 1
2 1970 3242 1
2 1970 4706 1
2 1970 4954 1
2 1970 5122 1
2 1970 5986 1
2 1970 6586 1
2 1970 6698 1
2 1970 7330 1
2 1970 8090 1
2 1970 33490 2
2 1970 34970 1
2 1970 100490 1
2 1994 2690 1
2 1994 3730 1
2 1994 4538 1
2 1994 25922 1
2 2018 3538 1
2 2018 4330 1
2 2018 4498 1
2 2018 8650 1
2 2018 12970 1
2 2018 20450 1
2 2026 2210 1
2 2026 3706 1
2 2026 4010 1
2 2042 2722 1
2 2042 3074 1
2 2042 3890 1
2 2042 4810 1
2 2042 5450 1
2 2042 8282 1
2 2042 10210 1
2 2042 47090 1
2 2050 2314 1
2 2050 2650 1
2 2050 3034 1
2 2050 3130 1
2 2050 3242 1
2 2050 3706 1
2 2050 3770 1
2 2050 4090 1
2 2050 5330 1
2 2050 5986 2
2 2050 6770 1
2 2050 7450 1
2 2050 9290 1
2 2050 10250 1
2 2050 17690 1
2 2050 26050 1
2 2050 31898 1
2 2050 37250 1
2 2050 56170 1
2 2050 94250 1
2 2050 113570 1
2 2066 2330 1
2 2066 2626 1
2 2066 3730 1
2 2066 9050 1
2 2066 96722 1
2 2074 2690 1
2 2074 2978 1
2 2074 3442 1
2 2074 3946 1
2 2074 4514 1
2 2074 5162 1
2 2074 6290 1
2 2074 7730 1
2 2074 12610 1
2 2074 13634 2
2 2074 15370 1
3 2074 21386 106930 1
2 2074 106930 1
2 2098 2626 1
2 2098 3314 1
2 2098 3970 1
2 2098 5330 2
2 2098 6890 1
2 2098 10490 1
2 2122 2290 1
2 2122 2554 1
2 2122 3026 1
2 2122 5162 1
2 2122 10610 2
2 2138 2570 1
2 2138 3250 2
2 2138 4474 1
2 2138 6890 1
2 2146 2866 1
2 2146 2962 1
2 2146 2978 1
2 2146 4330 1
2 2146 5162 1
2 2146 5242 1
2 2146 5986 1
2 2146 11170 1
2 2146 18850 1
2 2146 20242 1
2 2146 23530 1
2 2146 36482 2
2 2186 2458 1
2 2186 4138 1
2 2186 5018 1
2 2186 5554 1
2 2186 10930 1
2 2186 14162 1
2 2194 2314 1
2 2194 3770 2
2 2194 24650 1
2 2194 42850 1
2 2210 2402 1
2 2210 2650 1
2 2210 2690 1
2 2210 3250 1
2 2210 3578 1
2 2210 3706 1
2 2210 3842 1
2 2210 3986 1
2 2210 4082 1
2 2210 4394 1
2 2210 4450 1
2 2210 4498 1
2 2210 4570 1
2 2210 4810 1
2 2210 4874 1
2 2210 5210 1
2 2210 6290 1
2 2210 6562 1
2 2210 6994 1
2 2210 7642 1
2 2210 9074 1
2 2210 14794 1
2 2210 17170 2
2 2210 21386 1
2 2210 25090 1
2 2218 2410 1
2 2218 2906 1
2 2218 5954 1
2 2218 6266 1
2 2218 9370 1
2 2218 11930 1
2 2218 21106 1
2 2234 4274 1
2 2234 5482 1
2 2234 5626 1
2 2234 9010 1
2 2234 11170 1
2 2258 3802 1
2 2258 4810 1
2 2258 5450 1
2 2258 10426 1
2 2258 16490 1
2 2258 22202 1
2 2290 2834 1
2 2290 3026 1
2 2290 3370 1
2 2290 4930 1
2 2290 6914 1
3 2290 7786 8290 1
2 2290 11450 2
2 2290 12322 1
2 2290 14690 1
2 2290 15170 1
2 2306 2834 1
2 2306 3562 1
2 2306 4258 1
2 2306 6170 1
2 2306 11530 1
2 2306 17530 1
2 2314 2594 1
2 2314 2962 1
2 2314 3770 1
2 2314 4090 1
2 2314 4250 1
2 2314 6586 1
2 2314 10858 1
2 2314 94250 1
2 2330 2570 1
2 2330 2810 1
2 2330 3778 1
2 2330 3874 1
2 2330 4082 1
2 2330 4930 1
2 2330 5618 1
2 2330 7922 2
2 2330 8362 1
2 2330 11650 1
2 2330 26650 1
2 2330 96722 1
2 2362 2642 1
2 2362 3434 1
2 2362 5450 1
2 2362 11810 2
2 2378 2834 1
2 2378 3074 1
2 2378 4010 1
2 2378 5122 1
2 2378 6130 1
3 2378 7250 24650 1
2 2378 13634 1
2 2378 15370 1
2 2378 18778 1
2 2378 94250 1
2 2386 3074 1
2 2386 4106 1
2 2386 4658 1
2 2386 11090 1
2 2386 11930 1
2 2386 14530 1
2 2386 22714 1
2 2402 2602 1
2 2410 2690 1
2 2410 3170 1
2 2410 4210 1
2 2410 4810 1
2 2410 4930 1
2 2410 6266 1
2 2410 7250 1
2 2410 18850 1
2 2410 21106 1
2 2410 31330 1
2 2426 2626 1
2 2426 4490 1
2 2426 12002 1
2 2434 3098 1
2 2434 3274 1
2 2434 4834 1
2 2434 6610 1
2 2434 7954 1
2 2458 3506 1
2 2458 3746 1
2 2458 10114 1
2 2458 12290 1
2 2458 14162 1
2 2474 3770 1
2 2474 4106 1
2 2474 6290 1
2 2474 8770 1
3 2482 2770 5986 1
2 2482 3650 1
2 2482 3922 1
2 2482 4514 1
2 2482 5402 1
2 2482 5858 1
2 2482 6362 1
2 2482 12410 1
2 2482 16354 1
2 2482 29954 1
2 2498 18850 1
2 2522 2906 1
2 2522 3098 1
2 2522 3218 1
2 2522 3842 1
2 2522 4546 1
2 2522 5122 1
2 2522 5746 1
2 2522 8242 1
2 2522 11890 1
2 2522 12610 1
2 2522 15370 1
2 2522 15938 1
2 2522 19594 2
2 2522 22178 1
2 2522 24922 1
2 2522 113570 1
2 2522 175562 1
2 2554 2738 1
2 2554 3026 2
2 2554 12770 2
2 2570 3250 1
2 2570 3650 1
2 2570 3778 1
2 2570 4082 1
2 2570 5402 1
2 2570 6890 1
2 2570 7570 1
2 2570 9850 1
2 2570 10930 1
2 2570 34970 1
2 2578 4850 1
2 2594 2890 1
2 2594 3770 1
2 2594 11258 1
2 2602 2810 1
2 2626 3314 1
2 2626 3970 1
2 2626 5330 1
2 2626 6890 2
2 2626 12002 1
2 2626 12322 1
2 2626 13130 1
2 2626 17170 1
2 2626 20402 1
2 2626 39962 1
2 2642 3770 1
2 2642 13210 2
2 2650 2810 1
2 2650 3922 1
2 2650 4306 1
2 2650 5690 1
2 2650 6682 1
2 2650 6890 1
2 2650 7738 1
2 2650 7850 1
2 2650 39250 1
2 2650 39962 1
2 2690 3386 1
2 2690 3490 1
2 2690 4538 1
2 2690 6994 1
2 2690 7730 1
2 2690 34970 1
2 2722 3890 1
2 2722 4810 1
2 2722 8282 1
2 2722 9850 1
2 2722 13610 1
2 2722 47090 1
2 2738 3026 1
2 2738 3226 1
2 2738 4250 1
2 2738 6586 1
2 2738 13690 2
2 2738 24050 1
2 2746 3050 1
2 2746 4570 1
2 2746 6290 1
2 2746 7778 1
2 2746 25610 1
2 2762 4010 1
2 2762 4234 1
2 2762 4610 1
2 2762 6466 1
2 2762 11450 1
2 2770 2978 1
2 2770 3226 1
2 2770 3706 1
2 2770 3754 1
2 2770 8810 1
2 2770 9418 1
2 2770 13610 1
2 2770 41210 1
2 2770 47090 1
2 2810 3026 1
2 2810 3970 1
2 2810 4930 1
2 2810 5618 1
2 2810 6682 1
2 2818 3034 1
2 2818 4754 1
2 2818 7594 1
2 2818 11026 1
2 2818 14090 1
2 2818 26650 1
2 2834 3394 1
2 2834 5378 1
2 2834 5674 1
2 2834 6170 1
2 2834 7514 1
2 2834 8138 1
2 2834 8410 1
3 2834 13634 63002 1
2 2834 17530 1
2 2858 4258 1
2 2858 4570 1
2 2858 7754 1
2 2858 12994 1
2 2866 23530 1
2 2890 3106 1
2 2890 3202 1
2 2890 3490 1
2 2890 3770 1
2 2890 4250 1
2 2890 4450 1
2 2890 7450 1
2 2890 9050 1
2 2890 11258 1
2 2890 15266 1
2 2890 17690 1
2 2890 36482 2
2 2906 3218 1
2 2906 3650 1
2 2906 8242 1
2 2906 14530 1
2 2906 15370 1
2 2906 22178 1
2 2906 113570 1
2 2930 3434 1
2 2930 4138 1
2 2930 7610 1
2 2930 7850 1
2 2930 15266 1
2 2930 20162 1
2 2930 85850 1
2 2938 3074 1
2 2938 3298 1
2 2938 3442 1
2 2938 5330 1
2 2938 5930 1
2 2938 7570 1
2 2938 9410 1
2 2938 9802 2
2 2938 14690 1
2 2938 15626 1
2 2962 5482 1
2 2962 7850 1
2 2978 5986 1
2 2978 41210 1
2 2978 50626 1
3 2986 3770 12410 1
2 2986 3826 1
2 2986 5266 1
2 2986 6322 1
2 2986 7442 1
2 3026 3226 1
2 3026 3250 1
2 3026 3538 1
2 3026 4930 1
2 3026 7922 1
2 3026 14450 1
2 3026 15130 2
2 3026 17170 1
2 3034 3770 1
2 3034 3922 1
2 3034 4754 1
2 3034 5506 1
2 3034 15170 1
2 3034 24650 1
2 3034 26650 1
2 3034 28618 1
2 3034 42850 1
2 3034 56170 1
2 3050 4474 1
2 3050 6154 1
2 3050 6290 1
2 3050 21106 1
2 3050 25610 1
2 3050 35722 1
2 3050 62050 1
2 3074 3298 1
2 3074 3442 1
2 3074 4658 1
2 3074 5602 1
2 3074 7034 1
2 3074 15370 1
2 3074 18850 1
2 3074 22714 1
2 3098 3842 1
2 3098 4546 1
2 3098 4834 1
2 3098 7738 1
2 3098 11890 1
2 3130 5722 1
2 3130 5858 1
2 3130 5930 1
2 3130 6418 1
2 3130 6562 1
2 3130 7450 1
2 3130 10210 1
2 3130 16042 1
2 3130 17690 1
2 3170 3370 1
2 3170 3490 1
3 3170 3706 41210 1
2 3170 3922 1
2 3170 4450 1
2 3170 5746 1
2 3170 8242 1
2 3170 8530 1
2 3170 14906 1
2 3170 162410 1
2 3194 3490 1
2 3194 3874 1
2 3194 8362 1
2 3194 15970 1
2 3194 23426 1
2 3202 3530 1
2 3202 13130 1
2 3202 13786 1
2 3218 3650 1
2 3218 3770 1
2 3218 8242 1
2 3218 15370 1
2 3218 16090 1
2 3218 22178 1
2 3218 113570 1
2 3226 16130 2
2 3242 4706 1
2 3242 6586 1
2 3242 9290 1
2 3250 3482 1
2 3250 3778 1
2 3250 4474 1
2 3250 4490 1
2 3250 4810 1
2 3250 5450 1
2 3250 5650 1
2 3250 6890 1
2 3250 7450 1
2 3250 9490 1
2 3250 11450 1
2 3250 12290 1
2 3274 6290 1
2 3274 6610 1
2 3274 7954 1
2 3274 8642 1
2 3298 3442 1
2 3298 4178 1
2 3298 4850 1
2 3298 6698 1
2 3298 7514 1
2 3298 16490 1
2 3314 3970 1
2 3314 5330 1
2 3314 16570 1
2 3338 3994 1
2 3338 5330 1
2 3338 11650 1
2 3362 3466 1
2 3362 4346 1
2 3362 5770 1
2 3362 5906 1
2 3362 7066 1
2 3362 10778 1
2 3362 22130 1
2 3370 3706 1
2 3370 3922 1
2 3370 4658 1
2 3370 5674 1
2 3370 8530 1
2 3370 8762 1
2 3370 12322 1
2 3370 14906 1
2 3386 4162 1
2 3386 12818 1
2 3394 4234 1
2 3394 4498 1
2 3394 5458 1
2 3394 7514 1
2 3394 8410 1
2 3418 5914 1
2 3418 7250 1
2 3434 3770 1
2 3434 5050 1
2 3434 5554 1
2 3434 6290 1
2 3434 7178 1
2 3434 8282 1
2 3434 9010 1
2 3434 15130 1
2 3434 17170 2
2 3434 36482 1
2 3434 50626 1
2 3442 17210 1
2 3466 5770 1
2 3466 5906 1
2 3466 7522 1
2 3466 10778 1
2 3466 22130 1
2 3490 3730 1
2 3490 3770 1
2 3490 9050 1
2 3490 9074 1
2 3490 19370 1
2 3490 45370 1
2 3506 3746 1
2 3506 5018 1
2 3506 14162 1
2 3506 17530 1
2 3530 3874 1
2 3530 6010 1
2 3530 7922 1
2 3530 8738 1
2 3530 9178 1
2 3530 12002 1
2 3530 13130 1
2 3530 16354 1
2 3530 32482 1
2 3530 74530 1
2 3530 94250 1
2 3538 3754 1
2 3538 4330 1
2 3538 12322 1
2 3538 17690 2
2 3538 20450 1
2 3538 36482 1
2 3538 54290 2
2 3554 4954 1
2 3554 7330 1
2 3562 4258 1
2 3562 4706 1
2 3562 5090 1
2 3562 5162 1
2 3562 7930 1
2 3562 12610 1
2 3562 19210 1
2 3562 25090 1
2 3578 17170 1
2 3602 4058 1
2 3602 4426 1
2 3602 4930 1
2 3602 8570 1
2 3602 18010 1
2 3650 4210 1
2 3650 4714 1
2 3650 5402 1
2 3650 7570 1
2 3650 8242 1
2 3650 8290 1
2 3650 11450 1
2 3650 12410 1
2 3650 13226 1
2 3650 15370 1
2 3650 18250 1
2 3650 22178 1
2 3650 24650 1
2 3650 113570 1
2 3706 3922 1
2 3706 3946 1
2 3706 5986 1
3 3706 8530 63002 1
2 3706 9826 1
2 3706 14906 1
2 3706 162410 1
2 3730 4082 1
2 3730 9050 1
2 3730 19370 1
2 3730 96722 1
2 3746 5018 1
2 3746 14162 1
2 3746 18730 1
2 3754 18770 2
2 3770 6322 1
2 3770 7442 1
2 3770 9250 1
2 3770 9802 1
2 3770 11258 1
2 3770 17690 1
2 3770 18010 1
2 3770 18850 2
2 3770 20242 1
2 3770 24650 1
2 3770 31330 1
2 3770 36482 1
2 3770 42850 1
2 3778 6890 1
2 3802 4810 1
2 3802 5746 1
2 3802 10426 1
2 3826 5266 1
2 3826 6850 1
2 3826 12410 1
2 3842 4546 1
2 3842 4666 1
2 3842 5210 1
2 3842 6698 1
2 3842 11890 1
2 3842 12818 1
2 3842 16762 1
2 3842 19210 1
2 3842 24922 1
2 3842 58082 1
2 3866 4442 1
2 3874 3986 1
2 3874 4234 1
2 3874 6002 1
2 3874 7922 1
2 3874 8362 1
2 3874 8738 1
2 3874 14690 1
2 3874 15970 1
2 3874 23426 1
2 3890 4250 1
2 3890 4810 1
2 3890 5450 1
2 3890 5770 1
2 3890 6994 1
2 3890 7474 1
2 3890 8282 1
2 3890 13226 1
2 3890 14314 1
2 3890 19450 1
2 3890 47090 1
2 3898 4850 1
2 3922 4282 1
2 3922 8530 1
2 3922 14906 1
2 3946 5986 1
2 3946 41210 1
2 3946 67082 1
2 3970 5330 1
2 3970 6170 1
2 3970 19850 1
2 3986 7010 1
2 3994 7618 1
2 3994 11650 1
2 4010 10426 1
2 4010 13634 1
2 4010 19058 1
2 4010 74530 1
2 4034 4394 1
2 4034 52442 1
2 4058 4426 1
2 4058 4930 1
2 4058 8570 1
2 4058 20290 1
2 4058 28186 1
2 4082 4930 1
2 4082 6266 1
2 4082 9050 1
2 4082 27050 1
2 4082 96722 1
2 4090 4322 1
2 4090 4874 1
2 4090 5794 1
2 4090 6890 1
2 4090 7450 1
2 4090 20450 2
2 4106 6290 1
2 4106 11090 1
2 4138 5554 1
2 4162 5018 1
2 4178 6698 1
2 4210 4810 1
2 4210 5506 1
2 4210 7090 1
2 4210 7250 1
2 4210 13226 1
2 4234 4498 1
2 4234 4610 1
2 4234 5458 1
2 4234 6466 1
2 4234 8402 1
2 4234 8546 1
2 4250 5114 1
2 4250 6290 1
2 4250 6994 1
2 4250 7474 1
2 4250 7850 1
2 4250 12410 1
2 4274 4706 1
2 4274 5482 1
2 4274 6442 1
2 4274 9010 1
2 4274 10730 1
2 4306 6362 1
2 4322 21610 2
2 4330 5746 1
2 4330 8650 1
2 4330 12770 1
2 4330 15130 1
2 4330 20450 1
2 4346 4514 1
2 4346 4610 1
2 4346 5690 1
2 4346 5882 1
2 4346 12874 1
2 4346 16642 1
2 4346 24026 1
2 4346 55226 1
2 4346 56170 1
2 4346 101762 1
2 4394 11570 1
2 4394 25610 1
2 4394 57122 1
2 4426 4930 1
2 4426 8570 1
2 4426 28186 1
2 4450 5066 1
2 4450 6586 1
2 4450 6778 1
2 4450 7250 1
2 4450 12994 2
2 4450 13130 1
2 4450 15130 1
2 4474 35722 1
2 4490 5930 1
2 4490 9962 1
2 4490 10490 1
2 4498 5386 1
2 4498 5458 1
2 4498 7514 1
2 4498 18850 1
2 4514 5690 1
2 4514 5882 1
2 4514 9074 1
2 4514 10858 1
2 4514 12874 1
2 4514 13690 1
2 4514 70226 1
2 4538 5626 1
2 4538 6058 1
2 4538 7306 1
2 4562 5186 1
2 4570 11882 1
2 4570 12994 1
2 4570 25090 1
2 4586 6770 1
2 4594 5218 1
2 4594 6890 1
2 4610 5002 1
2 4610 6466 1
2 4610 16570 1
2 4610 24650 1
2 4618 5650 1
2 4658 5602 1
2 4658 6154 1
2 4658 16490 1
2 4658 19018 1
2 4666 5570 1
2 4682 4930 1
2 4682 23410 2
2 4706 5098 1
2 4706 6586 1
2 4706 23530 2
2 4706 45370 2
2 4714 5234 1
2 4714 5650 1
2 4714 8242 1
2 4714 15370 1
2 4714 22178 1
2 4714 23570 1
2 4754 5666 1
2 4754 11026 1
2 4778 5050 1
2 4778 5986 1
2 4778 41210 1
2 4778 81226 1
2 4786 5066 1
2 4786 23530 1
2 4810 5090 1
2 4810 5210 1
2 4810 5450 1
2 4810 7250 1
2 4810 7730 1
2 4810 8066 1
2 4810 8282 1
2 4810 8914 1
2 4810 10426 1
2 4810 11026 1
2 4810 11570 1
2 4810 12002 1
2 4810 14314 1
2 4810 24050 1
2 4810 34970 1
2 4810 37370 1
2 4810 106930 1
2 4834 7738 1
2 4850 5770 1
2 4850 7178 1
2 4850 12610 1
2 4850 13130 1
2 4850 14162 1
2 4850 16490 1
2 4850 24650 1
2 4850 42850 1
2 4850 74530 1
2 4882 6730 1
2 4930 5618 1
2 4930 5626 1
2 4930 7250 1
2 4930 8290 1
2 4930 8570 1
2 4930 8650 1
2 4930 15130 1
2 4930 21386 1
2 4930 24650 2
2 4930 27050 1
2 4930 28186 1
2 4930 33002 1
2 4930 74530 1
2 4946 5122 1
2 4946 5410 1
2 4946 5594 1
2 4946 24730 1
2 4954 7330 1
2 5002 5402 1
2 5002 5410 1
2 5002 15170 1
2 5002 63002 1
2 5002 101762 1
2 5018 5426 1
2 5018 14162 1
2 5018 25090 1
2 5018 70226 1
2 5050 5338 1
2 5050 5986 1
2 5050 12610 1
2 5050 13130 1
2 5050 17170 1
2 5050 37250 1
2 5050 85850 1
2 5066 23530 1
2 5090 12002 1
2 5098 25490 2
2 5114 7850 1
2 5122 5410 1
2 5122 5594 1
2 5122 7202 1
2 5122 25610 1
2 5122 33490 1
2 5162 6898 1
2 5162 7234 1
2 5162 9266 1
2 5162 12610 1
2 5210 11570 1
2 5210 26050 1
2 5218 6890 1
2 5234 5650 1
2 5234 6218 1
2 5234 8242 1
2 5234 15370 1
2 5234 22178 1
2 5234 26170 1
2 5266 6850 1
2 5266 12410 1
2 5314 5578 1
2 5314 26570 2
2 5330 6154 1
2 5330 6602 1
2 5330 6890 1
2 5330 7186 1
2 5330 9802 1
2 5330 11650 1
2 5330 24026 1
2 5330 26650 1
2 5330 28618 1
2 5338 7178 1
2 5338 8194 1
2 5338 12410 1
2 5338 23698 1
2 5354 6082 1
2 5378 6170 1
2 5378 8138 1
2 5378 9106 1
2 5386 18850 1
2 5402 6682 1
2 5402 10930 1
2 5402 12994 1
2 5402 36482 1
2 5402 63002 1
2 5410 5594 1
2 5410 14066 1
2 5410 18394 1
2 5410 27050 1
2 5410 74530 1
2 5426 6938 1
2 5426 7274 1
2 5426 14162 1
2 5426 27130 1
2 5450 6530 1
2 5450 7738 1
2 5450 8282 1
2 5450 12610 1
2 5450 14314 1
2 5450 16490 1
2 5450 33490 1
2 5482 9010 1
2 5506 7090 1
2 5506 8746 1
2 5570 8434 1
2 5570 11810 1
2 5578 27890 2
2 5594 27970 1
2 5602 8114 1
2 5626 6058 1
2 5626 7306 1
2 5626 17690 1
2 5626 35786 1
2 5650 6218 1
2 5650 7330 1
2 5650 8242 1
2 5650 8362 1
2 5650 14690 1
2 5650 15370 1
2 5650 18850 1
2 5650 22178 1
2 5650 28250 1
2 5666 7946 1
2 5666 8306 1
2 5666 11026 1
2 5690 5882 1
2 5690 6122 1
2 5690 14794 1
2 5690 62050 1
2 5714 6410 1
2 5722 7450 1
2 5722 7946 1
2 5746 11882 1
2 5746 18226 1
2 5746 22202 1
2 5746 25922 1
2 5746 33490 1
2 5770 5906 1
2 5770 10778 1
2 5770 24650 1
2 5770 42850 1
2 5794 8458 1
2 5794 8986 1
2 5818 6970 1
2 5858 6866 1
2 5858 15370 1
2 5858 17690 1
2 5882 6322 1
2 5882 8650 1
2 5882 9050 1
2 5882 9826 1
2 5882 24650 1
2 5882 36482 1
2 5882 96722 1
2 5906 10778 1
2 5930 7570 1
2 5930 10490 1
2 5938 6250 1
2 5954 8762 1
2 5954 38194 1
2 5986 6266 1
2 5986 6290 1
2 5986 29930 2
2 5986 41210 1
2 5986 101762 1
2 6002 6922 1
2 6002 8362 1
2 6002 15970 1
2 6010 7954 1
2 6010 8770 1
2 6010 15626 1
2 6010 16354 1
2 6058 7306 1
2 6058 45370 1
2 6074 6514 1
2 6074 63002 1
2 6098 6410 1
2 6154 7186 1
2 6154 8138 1
2 6154 19370 1
2 6170 6890 1
2 6170 8138 1
2 6170 9106 1
2 6170 16042 1
2 6178 6626 1
2 6178 28426 1
2 6178 30890 1
2 6218 7586 1
2 6218 8242 1
2 6218 15370 1
2 6218 22178 1
2 6218 31090 1
2 6250 9250 1
2 6250 94250 1
2 6266 6586 1
2 6266 18850 1
2 6266 21106 1
2 6266 31330 2
2 6290 6746 1
2 6290 14530 1
2 6290 15130 2
2 6290 21386 1
2 6290 25610 1
2 6290 32042 1
2 6290 41210 1
2 6290 64010 1
2 6290 106930 1
2 6322 9050 1
2 6322 96722 1
2 6338 7538 1
2 6434 6682 1
2 6434 9194 1
2 6434 9490 1
2 6458 7514 1
2 6458 20450 1
2 6466 8210 1
2 6506 6970 1
2 6514 63002 1
2 6530 8282 1
2 6530 9850 1
2 6530 14314 1
2 6530 22202 1
2 6554 7298 1
2 6562 10322 1
2 6562 13226 1
2 6586 21106 1
2 6610 7834 1
2 6610 7954 1
2 6610 9122 1
2 6610 10690 1
2 6626 28426 1
2 6626 33130 1
2 6658 7730 1
2 6682 9194 1
2 6682 10930 1
2 6698 6994 1
2 6698 7930 1
2 6698 24050 1
2 6698 24922 1
2 6698 33490 2
2 6746 25610 1
2 6770 7850 1
2 6826 9106 1
2 6826 17170 1
2 6850 7610 1
2 6850 8738 1
2 6850 10138 1
2 6850 12410 1
2 6850 13634 1
2 6890 7306 1
2 6890 8650 1
2 6890 9050 1
2 6890 11882 1
2 6890 35722 1
2 6898 7234 1
2 6922 8362 1
2 6922 9442 1
2 6922 15970 1
2 6938 7274 1
2 6938 9010 1
2 6938 11530 1
2 6938 14162 1
2 6938 34690 1
2 6970 9010 1
2 6970 46658 1
2 6994 7474 1
2 6994 20098 1
2 6994 34970 2
2 6994 123202 1
2 7010 9578 1
2 7010 9970 1
2 7010 12994 1
2 7010 18226 1
2 7090 8194 1
2 7090 11450 1
2 7090 24650 1
2 7090 42850 1
2 7114 8938 1
2 7114 35570 1
2 7178 16354 1
2 7178 17266 1
2 7178 170570 1
2 7186 8138 1
2 7186 19370 1
2 7250 7730 1
2 7250 18850 1
2 7250 24650 1
2 7250 63002 1
2 7274 9010 1
2 7274 11530 1
2 7274 14162 1
2 7306 8090 1
2 7306 12818 1
2 7306 13226 1
2 7330 7666 1
2 7330 9290 1
2 7330 24922 1
2 7330 41210 1
2 7330 110890 1
2 7354 9490 1
2 7394 9634 1
2 7394 12610 1
2 7394 19210 1
2 7402 7706 1
2 7402 8210 1
2 7402 8530 1
2 7402 14906 1
2 7418 10138 1
2 7450 7762 1
2 7450 9962 1
2 7450 11026 1
2 7450 11170 1
2 7450 11810 1
2 7450 17690 1
2 7450 37250 2
2 7450 39250 1
2 7466 8258 1
2 7474 7690 1
2 7474 8042 1
2 7474 8266 1
2 7474 13690 1
2 7474 37370 1
2 7514 9074 1
2 7514 9802 1
2 7514 20450 1
2 7514 23530 1
2 7570 9410 1
2 7586 8242 1
2 7586 8762 1
2 7586 15370 1
2 7586 22178 1
2 7586 37930 1
2 7610 8410 1
2 7610 13634 1
2 7618 24050 1
2 7666 41210 1
2 7666 110890 1
2 7690 8042 1
2 7690 8266 1
2 7690 19994 1
2 7690 38450 1
2 7706 8210 1
2 7706 8530 1
2 7706 14906 1
2 7730 20098 1
2 7730 63002 1
2 7738 29930 1
2 7738 101762 1
2 7762 38810 2
2 7786 11450 1
2 7786 11458 1
2 7850 8354 1
2 7850 16642 1
2 7850 18250 1
2 7850 28426 1
2 7850 37250 1
2 7850 39250 1
2 7922 9554 1
2 7922 15130 1
2 7930 24050 1
2 7930 66586 1
2 7946 8306 1
2 7946 9962 1
2 7954 9122 1
2 7954 10282 1
2 7954 28906 1
2 7978 8794 1
2 8002 8362 1
2 8002 12002 1
2 8042 8266 1
2 8042 40210 1
2 8090 13226 1
2 8090 33490 1
2 8114 9346 1
2 8138 9106 1
2 8138 10042 1
2 8138 19370 1
2 8146 8506 1
2 8186 9370 1
2 8186 18850 1
2 8194 16762 1
2 8194 24650 1
2 8194 42850 1
2 8210 8530 1
2 8210 14906 1
2 8210 21170 1
2 8242 8570 1
2 8242 8762 1
2 8242 9466 1
2 8242 11570 1
2 8242 15370 1
2 8242 22178 1
2 8242 41210 1
2 8282 9602 1
2 8282 10498 1
2 8282 14314 1
2 8282 29930 1
2 8306 11026 1
2 8314 10394 1
2 8354 28426 1
2 8362 9442 1
2 8362 12002 1
2 8410 9250 1
2 8450 117650 1
2 8522 9050 1
2 8530 9050 1
2 8530 14906 1
2 8530 21170 1
2 8530 22178 1
2 8570 9266 1
2 8570 9818 1
2 8570 10562 1
2 8570 17330 1
2 8570 42850 1
2 8650 10610 1
2 8650 12802 1
2 8650 16810 1
2 8650 20450 1
2 8650 39250 1
2 8738 10138 1
2 8762 9466 1
2 8762 15370 1
2 8762 22178 1
2 8810 9178 1
2 8810 29954 1
2 8810 41210 1
2 8810 110890 1
2 8938 32482 1
2 8938 65026 1
2 9010 9554 1
2 9010 11530 1
2 9010 14162 1
2 9010 37250 1
2 9010 85850 1
2 9050 13394 1
2 9050 23530 1
2 9050 63002 1
2 9074 9418 1
2 9074 9802 1
2 9074 23530 1
2 9074 45370 1
2 9106 40426 1
2 9178 15626 1
2 9178 22802 1
2 9178 41210 1
2 9178 110890 1
2 9250 13690 1
2 9250 64010 1
2 9266 9818 1
2 9266 10562 1
2 9370 18850 1
2 9418 29954 1
2 9418 47090 1
2 9442 12634 1
2 9458 9850 1
2 9466 11138 1
2 9466 15370 1
2 9466 22178 1
2 9490 10762 1
2 9554 11962 1
2 9554 14162 1
2 9578 12994 1
2 9602 10498 1
2 9602 11978 1
2 9602 14314 1
2 9634 12610 1
2 9634 19210 1
2 9722 10282 1
2 9722 14066 1
2 9722 28426 1
2 9754 11042 1
2 9754 24650 1
2 9754 42850 1
2 9802 12610 1
2 9802 15626 1
2 9818 10562 1
2 9850 25610 1
2 9874 11170 1
2 9914 10474 1
2 9914 63002 1
2 9946 10306 1
2 9946 49730 1
2 10018 10930 1
2 10034 11530 1
2 10042 11162 1
2 10042 12538 1
2 10042 19370 1
2 10210 10786 1
2 10250 11570 1
2 10250 15170 1
2 10250 20450 1
2 10250 37250 1
2 10282 14066 1
2 10282 28426 1
2 10282 35722 1
2 10282 87026 1
2 10282 97970 1
2 10306 51530 1
2 10426 10826 1
2 10426 41210 1
2 10426 110890 1
2 10474 63002 1
2 10490 10898 1
2 10498 11978 1
2 10498 14314 1
2 10522 10778 1
2 10522 11194 1
2 10522 11458 1
2 10778 11194 1
2 10778 11458 1
2 10826 41210 1
2 10826 110890 1
2 10858 11234 1
2 10858 17690 1
2 10858 54290 1
2 10858 65026 1
2 10858 142130 1
2 10930 12722 1
2 10970 11570 1
2 11002 11602 1
2 11026 32042 1
2 11042 24650 1
2 11042 42850 1
2 11090 13682 1
2 11138 11930 1
2 11138 12554 1
2 11138 15370 1
2 11138 22178 1
2 11162 12538 1
2 11162 13786 1
2 11162 19370 1
2 11194 11458 1
2 11194 74530 1
2 11194 93026 1
2 11234 56170 1
2 11258 12226 1
2 11282 11890 1
2 11290 12874 1
2 11386 13666 1
2 11402 12002 1
2 11402 63002 1
2 11450 24650 1
2 11530 11962 1
2 11530 14162 1
2 11570 18850 1
2 11570 20450 1
2 11650 12266 1
2 11794 12410 1
2 11794 14066 1
2 11794 28426 1
2 11810 12202 1
2 11810 59050 1
2 11882 18226 1
2 11890 15370 1
2 11930 12554 1
2 11930 13394 1
2 11930 15370 1
2 11930 22178 1
2 11962 14162 1
2 11978 14314 1
2 12002 12442 1
2 12002 63002 1
2 12178 12610 1
2 12178 41210 1
2 12178 110890 1
2 12202 61010 1
2 12218 13226 1
2 12290 13298 1
2 12322 54290 1
2 12410 14066 1
2 12410 28426 1
2 12410 70226 1
2 12458 14978 1
2 12538 13786 1
2 12554 13394 1
2 12554 15370 1
2 12554 22178 1
2 12610 15490 1
2 12610 25610 1
2 12610 41210 1
2 12610 42874 1
2 12610 97970 1
2 12610 110890 1
2 12802 13210 1
2 12802 64010 1
2 12842 14314 1
2 12842 24650 1
2 12842 42850 1
2 12874 16642 1
2 12874 29930 1
2 12962 13610 1
2 12970 14450 1
2 12970 18850 1
2 12994 13634 1
2 12994 63002 1
2 13130 13586 1
2 13130 85850 1
2 13210 66050 1
2 13226 16354 1
2 13226 22202 1
2 13394 15370 1
2 13394 22178 1
2 13562 15074 1
2 13634 106930 1
2 13690 36482 1
2 13834 14258 1
2 13834 69170 1
2 14066 14530 1
2 14066 14738 1
2 14066 28426 1
2 14066 41210 1
2 14066 110890 1
2 14090 14386 1
2 14090 14866 1
2 14090 15170 1
2 14162 14842 1
2 14162 70226 1
2 14170 15938 1
2 14258 71290 1
2 14314 24650 1
2 14314 42850 1
2 14386 14866 1
2 14386 15170 1
2 14450 18850 1
2 14530 41210 1
2 14530 49402 1
2 14530 110890 1
2 14690 15370 1
2 14690 38194 1
2 14690 39962 1
2 14690 63002 1
2 14738 28426 1
2 14794 15898 1
2 14842 17282 1
2 14842 17810 1
2 14866 15170 1
2 14906 15346 1
2 14906 63394 1
2 14906 74530 1
2 14914 16498 1
2 14914 20450 1
2 15130 24650 1
2 15130 85850 1
2 15266 15970 1
2 15346 76730 1
2 15370 17026 1
2 15370 22178 1
2 15370 39962 1
2 15370 63002 1
2 15370 94250 1
2 15826 16970 1
2 15826 24026 1
2 15914 16634 1
2 16018 16474 1
2 16018 80090 1
2 16042 16762 1
2 16066 16570 1
2 16090 16586 1
2 16090 41210 1
2 16090 54706 1
2 16090 110890 1
2 16298 17026 1
2 16298 18002 1
2 16298 22178 1
2 16354 18010 1
3 16354 24650 106930 1
2 16354 42850 1
2 16474 82370 1
2 16490 17210 1
2 16490 33490 1
2 16490 42874 1
2 16490 63002 1
2 16498 20450 1
2 16538 17266 1
2 16538 28426 1
2 16586 41210 1
2 16586 110890 1
2 16642 55226 1
2 16810 17330 1
2 17026 18002 1
2 17026 22178 1
2 17170 17642 1
2 17170 85850 1
2 17210 44746 1
2 17210 63002 1
2 17266 28426 1
2 17266 90602 1
2 17530 18730 1
2 17642 88210 1
2 17690 36482 1
2 17690 65026 1
2 17834 19562 1
2 18002 20282 1
2 18002 22178 1
2 18010 24650 1
2 18178 18514 1
2 18178 19058 1
2 18178 19402 1
2 18250 18778 1
2 18250 41210 1
2 18250 62050 1
2 18250 110890 1
2 18362 18850 1
2 18362 91810 1
2 18394 19154 1
2 18394 63002 1
2 18514 19058 1
2 18514 19402 1
2 18778 41210 1
2 18778 110890 1
2 18850 94250 1
2 19018 21058 1
2 19058 19402 1
2 19058 124610 1
2 19154 63002 1
2 19210 19994 1
2 19210 28426 1
2 19210 124610 1
2 19298 19850 1
2 19370 20162 1
2 19450 20242 1
2 19450 34970 1
2 19594 20098 1
2 19594 97970 1
2 19994 28426 1
2 20098 100490 1
2 20282 21346 1
2 20282 22178 1
2 20290 22130 1
2 20290 24650 1
2 20402 21202 1
2 20402 63002 1
2 20450 37250 1
2 20498 21794 1
2 20546 21106 1
2 20546 41210 1
2 20546 67978 1
2 20546 110890 1
2 20866 21386 1
2 20866 104330 1
2 21106 41210 1
2 21106 67978 1
2 21106 110890 1
2 21202 63002 1
2 22082 22922 1
2 22082 28426 1
2 22082 145162 1
2 22130 24650 1
2 22178 22714 1
2 22178 110890 1
2 22514 23354 1
2 22514 63002 1
2 22714 113570 1
2 22786 23162 1
2 22786 23770 1
2 22786 24154 1
2 22922 28426 1
2 22978 23570 1
2 22978 41210 1
2 22978 67978 1
2 23162 23770 1
2 23162 24154 1
2 23186 24050 1
2 23354 63002 1
2 23426 70226 1
2 23530 24082 1
2 23530 117650 1
2 23570 41210 1
2 23570 67978 1
2 23698 25090 1
2 23770 24154 1
2 23962 24842 1
2 24026 56170 1
2 24050 26050 1
2 24082 120410 1
2 24650 26674 1
2 24730 25610 1
2 24730 63002 1
2 24730 64298 1
2 24922 25490 1
2 24922 124610 1
2 25090 43618 1
2 25154 26050 1
2 25154 28426 1
2 25490 127450 1
2 25546 26170 1
2 25546 41210 1
2 25546 67978 1
2 25546 93026 1
2 25610 44522 1
2 25610 63002 1
2 26050 28426 1
2 26170 41210 1
2 26170 67978 1
2 26354 26938 1
2 26354 131770 1
2 26650 27298 1
2 26938 134690 1
2 27050 27970 1
2 27050 63002 1
2 27130 28618 1
2 27250 28186 1
2 27826 28426 1
2 27826 139130 1
2 27970 63002 1
2 28250 28906 1
2 28250 41210 1
2 28250 67978 1
2 28250 94250 1
2 28426 29378 1
2 28426 54290 1
2 28426 142130 1
2 28906 41210 1
2 28906 67978 1
2 29338 29954 1
2 29338 142130 1
2 29474 30434 1
2 29474 63002 1
2 29930 101762 1
2 29954 142130 1
2 30434 63002 1
2 30770 31466 1
2 30794 32378 1
2 30890 31522 1
2 30890 142130 1
2 31090 31778 1
2 31090 41210 1
2 31090 67978 1
2 31522 142130 1
2 31778 41210 1
2 31778 67978 1
2 31898 32906 1
2 32002 33002 1
2 32002 63002 1
2 32482 33130 1
2 32482 142130 1
2 33002 63002 1
2 33130 142130 1
2 34066 34786 1
2 34066 41210 1
2 34066 67978 1
2 34114 34778 1
2 34114 142130 1
2 34634 35674 1
2 34634 63002 1
2 34690 36370 1
2 34778 142130 1
2 34786 41210 1
2 34970 37370 1
2 35570 36634 1
2 35674 63002 1
2 35786 36466 1
2 35786 142130 1
2 36466 142130 1
2 37178 37930 1
2 37178 41210 1
2 37370 38450 1
2 37370 63002 1
2 37498 38194 1
2 37498 142130 1
2 37930 41210 1
2 38194 142130 1
2 38450 63002 1
2 39250 39962 1
2 39250 142130 1
2 39442 40562 1
2 39962 142130 1
2 40210 41330 1
2 40210 63002 1
2 40426 41210 1
2 41042 41770 1
2 41042 142130 1
2 41330 63002 1
2 41770 142130 1
2 42874 43618 1
2 42874 142130 1
2 43154 44314 1
2 43154 63002 1
2 43618 142130 1
2 43810 44626 1
2 44314 63002 1
2 44746 45506 1
2 44746 142130 1
2 45506 142130 1
2 46202 47402 1
2 46202 63002 1
2 46658 47434 1
2 46658 142130 1
2 47330 48178 1
2 47402 63002 1
2 47434 142130 1
2 48610 49402 1
2 48610 142130 1
2 49354 50594 1
2 49402 142130 1
2 50602 51410 1
2 50602 142130 1
2 51410 142130 1
2 52610 53890 1
2 52634 53458 1
2 52634 142130 1
2 53458 142130 1
2 54706 55546 1
2 54706 142130 1
2 55546 142130 1
2 56818 57674 1
2 58970 59842 1
2 61162 62050 1
2 63394 64298 1
2 65666 66586 1
2 67978 68914 1
2 70330 71282 1
2 72722 73690 1
2 75154 76138 1
2 77626 78626 1
2 80138 81154 1
2 82690 83722 1
2 85282 86330 1
2 87914 88978 1
