1 1 1 1 1 1 1 1 1 1 1 1 1 1 1 1 1 1 1 1 1 1 1 1 1 1 1 1 1 1 1 1 1 1 1 1 1 1 1 1 1 1 1 1
800 802 804 806 808 810 812 814 816 818 820 822 824 826 828 830 832 834 836 838 840 842 844 846 848 850 852 854 856 858 860 862 864 866 868 870 872 874 876 878 880 882 884 886
319999 321601 323207 324817 326431 328049 329671 331297 332927 334561 336199 337841 339487 341137 342791 344449 346111 347777 349447 351121 352799 354481 356167 357857 359551 361249 362951 364657 366367 368081 369799 371521 373247 374977 376711 378449 380191 381937 383687 385441 387199 388961 390727 392497
85330011 85971604 86616405 87264422 87915663 88570136 89227849 89888810 90553027 91220508 91891261 92565294 93242615 93923232 94607153 95294386 95984939 96678820 97376037 98076598 98780511 99487784 100198425 100912442 101629843 102350636 103074829 103802430 104533447 105267888 106005761 106747074 107491835 108240052 108991733 109746886 110505519 111267640 112033257 112802378 113575011 114351164 115130845 115914062
64337043 235633072 408215481 582090694 757265151 933745308 111537630 290648619 471084772 652852609 835958666 20409488 206211657 393371750 581896367 771792124 963065653 155723595 349772628 545219425 742070682 940333111 140013433 341118406 543654783 747629340 953048869 159920171 368250084 578045441 789313098 2059920 216292809 432018662 649244399 867976956 88223278 309990347 533285140 758114657 984485914 212405936 441881785 672920518
780847491 78588796 720197360 708252325 45345711 734082448 777080366 176970269 936395967 58014259 544495042 398521266 622789022 220007539 192899244 544199773 276658003 393036105 896109555 788667166 73511134 753457077 831334025 309984494 192264511 481043632 179204974 289645268 815274870 759017793 123811753 912608208 128372341 774083169 852733498 367330004 320893258 716457744 557071891 845798126 585712878 779906638 431483963 543563536
251815928 518414060 719893318 546544955 693831351 862411759 758168136 92231031 581005551 946197342 914838697 219314693 597389413 792232183 552443936 632083612 790694608 793331313 410585700 418613989 599163353 739598709 632929566 77836937 878700329 845624741 794467817 546866986 930266708 777945749 929044569 228592718 527536359 682765778 557143028 19529602 944814191 213940443 713934912 337934917 985216605 561222959 977591982 152184833
911484966 422724926 211936234 830212614 214356546 697247203 18259860 333737141 227511987 721482690 286239946 851746209 818067306 66156616 968691829 400964378 751821868 934663357 398487848 138996008 709745242 233358271 412785398 542620450 520470671 858380610 694310139 803666778 610892378 201104367 331791638 444565207 676963811 874314525 601648554 155672328 576794014 661205559 973020462 856467305 448139255 689299616 338243552 982716186
906228490 801702273 305064734 134258527 477158281 773266211 516194872 77040345 548749400 611584430 419790290 509567277 728454862 186231013 227432211 425599433 599355793 850421641 623673239 789351410 747526728 554928199 74242513 145991294 783093961 388224132 994067766 526591326 91428831 283496543 519944571 396554825 67694995 649938514 649460685 413321520 604745913 702512165 524560114 775930330 621146105 281150294 654909207 965796071
126080453 1507677 824456488 785552673 185243956 119341655 748560825 193736014 98596642 902193212 863273651 879117379 141543481 673018996 786002991 508872821 21989626 147671768 938056788 405044985 436730746 944941078 288715068 18772385 988233901 875073221 161993955 619643980 339295168 361334733 946132203 534064892 441703813 341381495 571583544 325826271 767904034 121611483 783268336 505596698 701724594 918312683 527025740 683795065
164315694 862070017 677717939 319497518 766941755 548368681 901238425 24691037 717139333 775765044 619156638 679132638 193017700 113280124 937500187 348119937 638327650 987754835 739412381 917464967 314041191 562301768 702440197 837171402 563574014 958893114 989082739 300472848 446984217 697788360 663218997 70087484 111338526 889205016 565683320 929253553 182314311 849789621 805797323 512145353 659744735 501798070 265839989 130372712
95184184 658307660 809200965 185345990 735800398 599147231 92313235 640515111 980059787 634724367 503803032 406463725 603640252 666130932 576721085 645832823 685273757 923950031 363774317 664284121 211539494 771544661 51588155 595378187 720520713 670608913 799824991 436364079 83041004 810002352 76409156 786152080 137985104 773793338 860922282 66472540 894086249 557905512 464955312 467081808 327653903 327403049 608929259 731436947
12635219 31101692 411954642 457189880 911429964 89424735 909949591 90608450 629739275 742331743 962492930 513087787 612956038 484451096 781520384 325386288 757012127 340551129 29172979 385028185 381331488 861007940 839142256 273406942 747234079 75975477 519623971 431528550 157343926 190358992 358238021 533713665 401270180 548477932 961270221 265734419 155327998 754000335 576449413 642389411 569752056 501476605 903032601 995931418
873219309 285495750 570716895 942692095 191729407 612973604 279094011 509383132 885272574 990593754 884649016 491794469 634011033 44193810 762400341 906632748 685604187 138586564 598977012 136049594 789537318 537342301 601398052 587992621 481506134 790065027 27800257 788584007 228766838 874561339 84363504 750029657 181492646 602168808 56440784 318689795 878522214 304194750 67105383 825560422 570043322 55868200 503721185 329427399
565873974 290334400 140517679 934341711 713217562 450409332 147607141 290788523 533749318 358748537 493388870 215733091 890239906 396654394 874055205 184885134 318438496 420479304 677414420 320348699 369545638 49696823 938131606 383959649 164728112 861437663 134915011 499876188 720616798 342639782 694180117 804539756 740459584 782996207 359113830 693535544 546481221 262577601 636627052 150332958 226729187 41116409 909992826 744324549
970077807 672586338 464726321 21050021 643233661 590355942 633885301 268047788 960590675 631612508 489601606 724419096 4843309 324526161 764159339 196057009 850571905 12455359 761233004 864054177 722138713 715363580 470944984 497562815 909861830 491189176 694378768 47923119 890211107 68685370 634927297 915439881 838772632 222327202 51909491 875827480 675111547 603775910 868617037 420748827 680674438 166311700 424031629 319222418
584466050 58552346 580798640 81863307 818228595 476631958 312928728 835942394 656404894 409802951 468967519 404341871 988275613 446830579 315908205 715529494 491303128 383373147 602113037 257872643 590053334 588481723 367939659 759987193 58497094 426568999 503314920 857288 130294820 821041246 117903333 469729028 485885018 468450676 450551831 734663747 449987199 228095999 241210996 489570884 923310969 807484730 14156199 95192151
158588159 185345640 135460327 893008951 724785559 641603312 590422633 559579025 464554628 598584228 638464148 933643236 568621078 711791104 32833464 792438553 353244271 257527794 22865554 181146228 936177226 990470422 763650350 694953105 477272264 317809462 318758234 97099813 147271675 159726408 631454001 777748983 848665263 719251769 407088673 295978337 768094812 912108120 507649030 289355687 549827720 154004203 704664735 639193699
89422536 770212591 637512213 285257920 75015004 823730328 272893988 946539303 519309524 177290290 638672349 217984006 642850259 363893566 615326706 740786553 53442756 253025467 777973182 560124051 887055412 151497258 391845205 667867432 466559710 84709195 608746937 819651011 495272842 747625018 926238808 954326161 908122280 888988936 941562898 813208089 281553962 266154931 859823331 567489596 778616314 337304547 905449421 676550102
777549740 953641124 490148328 531696318 266494961 232596393 492475526 148705655 929656747 783410045 330213788 119120784 516597085 762521113 24766054 288002485 686418165 471497422 723308416 503819213 476525247 415706592 139962164 949447971 529681968 208486448 865865954 576568857 926624710 583872068 638649982 32907874 430444609 190960362 925546068 508901317 707734710 132030868 234026372 485601482 131071021 283856951 326609951 418077180
902558694 249706187 781014712 49458499 336653058 872582444 794186846 829348677 677288841 272119329 405310257 699835987 296339046 37313825 990020350 916102235 361459015 522394622 474484549 720886267 306732912 263089136 35269842 693487197 951762216 124869232 273449724 227883976 932121696 957903163 82763769 609546317 748194545 540752403 3419368 710222117 868624086 103587968 562021868 670754699 556437382 846512220 916626296 264716232
770851042 505630326 296840220 298787610 270892294 291834450 344715403 348778443 296881405 959538418 773981619 39513025 143944794 687868428 559935872 587435230 304095095 964028090 470000104 981428553 761526353 48867001 622319764 67143196 802837400 552529388 378162124 896369642 403834796 764791713 112402648 678257974 57384443 253011937 145216994 422656594 32861732 684723633 74886743 58897319 933593901 177328904 787618715 146220345
435560718 318706174 576667802 700235307 794154727 814833616 239565275 436643462 904413482 317028695 921989278 331032826 101858903 442080336 128555167 165971697 354264878 264646648 970590370 331038010 876610299 104805440 662025600 599022714 231962255 590640463 639302922 690812065 760873568 497133356 442309968 897727451 103514287 684701387 882912125 424591713 452126742 201012468 248935077 660578673 46003506 30339817 20423031 973591866
289032993 896129670 245394606 574155448 288576319 30782588 993101701 109956060 153921691 578645028 250596558 76341003 696888669 178846891 112427693 521333790 389524886 252814606 171177086 210127601 986722930 827536403 131035390 647518491 394113157 448148788 683061530 418616083 808387306 434661746 401719018 781272476 432645872 494207774 444200577 168022152 766770480 843790622 504523813 130841570 149445539 466615663 837154147 264386275
90408602 794455662 267439531 384729165 688803972 526776770 153527100 429890670 507725311 801822374 920304455 69446102 913890897 78347569 731242781 768865525 890307621 547321821 974198461 876089975 608463608 696595184 985526236 785592803 982148098 960301 906798 447150855 901475998 511541036 214346326 847105529 543450341 948867455 389572293 413845533 334112544 464413656 900590348 272545624 627889346 291246426 889078498 321791867
666179307 935120569 154195773 884371587 28990810 325926362 293097253 576395078 335942419 635778002 544656284 33078695 696261533 608392236 104647602 528031105 491699734 737865318 672526027 502917932 56769617 769212791 334557025 920853831 451323304 444613861 345050815 847773016 222542886 458811156 683013885 598289471 158150147 261943938 135356426 692499556 629412579 173728929 441206918 656721616 16143782 125657290 11368829 647461858
839791659 323503962 393971673 782215707 810108569 650314479 185315216 616128933 718182990 908717521 162928001 838274718 56926659 46718308 989406133 960846162 341128681 199057791 425386587 682734020 820757843 10135460 175232681 474685561 245771593 637786503 293029943 209364945 311237076 950547600 337502802 292151935 794315583 181703507 260870602 655912059 969792846 379522210 961290426 138609223 139361057 994879796 331664396 555548646
607666281 5882431 492469153 306336710 184517391 97415808 69171719 437180508 695953423 290518592 793292777 465161498 914360444 281880766 141922470 596389944 200696841 397990225 217468930 209584357 693416493 683115178 239737252 802384783 232742793 855754036 957079293 51461724 453129061 929484185 793322670 671854681 488676963 641537122 282803970 353422698 477168553 102671051 876246428 97815270 241943028 994426168 776207668 834607316
654631593 860733340 622794854 147409443 811372147 659941860 495063960 142547413 115103677 286389860 298980559 850709582 23001587 986539569 856934606 826801218 5126377 940281915 399564326 936343861 558225106 975213891 310452291 79216154 493088315 130289403 247058583 9373942 388257104 922961802 196920059 130155674 33689554 353602326 26633952 130084389 970101322 321536139 968467108 179133846 3517373 249783825 878826106 999253432
261696184 393898019 856577138 507477096 742457242 913249364 190222987 660911388 96725464 961163276 585565381 763179240 431527415 923176288 544837787 923525749 147489664 928206684 360174753 105092097 127973253 783017407 183819347 978980513 714403602 690617579 96268632 17358642 593789931 493744335 190323687 626537549 971953142 280654187 313359024 192109209 477116553 721441725 834728232 205348487 217038545 597373687 606550311 78433773
841064574 893474350 839308908 782247710 719063140 383591700 791303459 505560030 362619376 273629030 482517559 254618798 859725398 83412061 464774546 24393911 523672048 904673056 501892711 1247024 378930736 219112138 943822377 249578452 204084251 978950756 945547939 486292074 96190624 21935853 866922761 638499904 122605972 971136889 25536189 780482684 787448247 203759878 804750639 265542859 309048997 171935577 905881494 255659275
401 402 403 404 405 406 407 408 409 410 411 412 413 414 415 416 417 418 419 420 421 422 423 424 425 426 427 428 429 430 431 432 433 434 435 436 437 438 439 440 441 442 443 444
320399 322002 323609 325220 326835 328454 330077 331704 333335 334970 336609 338252 339899 341550 343205 344864 346527 348194 349865 351540 353219 354902 356589 358280 359975 361674 363377 365084 366795 368510 370229 371952 373679 375410 377145 378884 380627 382374 384125 385880 387639 389402 391169 392940
127998404 128960802 129928012 130900046 131876916 132858634 133845212 134836662 135832996 136834226 137840364 138851422 139867412 140888346 141914236 142945094 143980932 145021762 146067596 147118446 148174324 149235242 150301212 151372246 152448356 153529554 154615852 155707262 156803796 157905466 159012284 160124262 161241412 162363746 163491276 164624014 165761972 166905162 168053596 169207286 170366244 171530482 172700012 173874846
88699773 430984578 775840573 123280595 473317534 825964291 181233799 539139044 899693023 262908765 628799352 997377877 368657465 742651294 119372546 498834463 881050298 266033336 653796915 44354377 437719124 833904569 232924157 634791386 39519758 447122835 857614190 271007428 687316207 106554189 528735096 953872661 381980649 813072878 247163170 684265407 124393475 567561320 13782892 463072201 915443268 370910146 829486941 291187763
456384227 37524473 477087127 781513750 957278054 10885968 948875753 777818012 504315840 135004869 676553362 135662265 519065336 833529176 85853330 282870388 431446023 538479099 610901744 655679430 679811053 690329013 694299294 698821544 711029155 738089343 787203228 865605914 980566569 139388498 349409251 618000661 952568952 360554805 849433466 426714777 99943305 876698401 764594259 771280038 904439914 171793160 581094254 140132910
2774527 213792175 735248557 634257224 993426077 910934571 500611160 892010913 230493294 677300211 409634152 620736618 519966664 332879688 301306384 683431894 753875145 803768399 140836967 89479150 990846330 202923260 100608616 75795629 537452993 911705923 641917426 188769764 30346095 662212313 597499066 366984008 519174201 620388716 254841440 24724075 550289315 469934208 440283752 136274634 251239196 496989565 603901996 321001400
249818978 342187675 705349892 941658116 493374911 678909700 729235921 824489096 130746177 836986694 192236027 542891460 370231206 328107089 280821163 341186807 908774709 708344180 828460302 760297260 436628404 271003433 197113156 708342299 897510771 496803886 917891954 292239654 511605763 268733507 98232164 417650234 568740680 858918702 602912443 164607131 999083063 694847858 16263546 946168794 728696752 912289100 392906527 457436286
679733140 94681743 761696235 435627735 416934741 653198426 923659192 107187290 534101443 422250265 397772594 100953531 877594281 556314706 312208762 617273715 278035314 560792039 404902454 724540943 799347886 754401573 129940010 541261921 429237134 901857780 667262471 58666941 151635420 974128161 809761550 594718267 408745871 60683381 768956344 937481877 27426341 525259161 7547344 302936516 751764903 563758111 274253339 299402739
244193441 869387995 743990088 10668453 812354332 836486809 926414546 947194700 93960141 831958324 658299719 876390978 574966855 4576855 545326201 460616968 632583818 475869316 227337147 810276771 472610805 399576512 502314864 584765492 92232594 645956165 568994328 609696579 70023607 546948048 496151030 828212665 748479701 52781454 92154924 620732290 741938616 169144380 17916627 348014005 674274782 666552959 259865992 396928338
906608248 136062314 240509147 565550781 129632967 819052925 150715400 506825555 162792496 848772651 6511068 326447945 575450630 153014941 243357290 862497159 533212565 756644364 887333701 458606154 447470530 412585586 885369120 842985753 542757927 450503736 450420818 981412443 204195332 765143979 186617840 379491940 241771713 777526241 642923838 500906717 43001233 15932999 72106354 746620965 349339371 48593671 913431796 173859742
43296859 195486593 600763220 711878476 590978313 820890697 833291661 955847183 912113651 859458196 326089494 613039162 365183624 91738393 435693291 958003125 120628594 27373651 317535904 409335643 62586364 977797696 876552953 220282834 426178830 134682425 777486602 393043699 342949685 302040071 632371356 11267325 971088214 828148820 335098272 289917367 280341362 739837710 545133078 500576729 236243256 299524348 548954374 369088187
223066008 760829442 836576440 488181890 664105436 853104970 167337803 545878271 223042940 360996751 790574265 159706919 486895942 199414229 253992056 953327314 656628635 818418853 768995576 474417397 295986805 631466234 395449484 727426432 256409356 864120403 348581361 880760217 863346761 947786342 758851344 541179605 715733355 462905502 190417196 366152828 977178368 105493361 88303560 766141521 737048162 660992837 838206270 871325183
870272179 949861388 307869660 46349457 450219038 526847398 718495062 450849693 911416240 211441847 595213753 710929535 628598737 175665064 587397256 219582484 406321109 225934402 244762668 66959453 118719731 515663749 689920730 908226585 767535702 760067294 303873400 207531313 91570758 303933383 609916689 487675733 131316200 24374963 845872052 60136824 296326229 968017170 912493670 532392997 405351700 36568522 874576747 488477126
651755884 673603242 578823816 371052228 999696085 233974511 61190798 908598469 328171980 506661958 432788643 580944334 249532780 276616528 688239433 319114878 66100267 425337514 20377351 871847361 143697792 871317204 371652300 39798055 181035259 336105347 43880171 995784468 141842262 46325940 953885333 999600551 642701165 502366675 502650772 702143515 17577549 21367672 701762779 681154603 393629757 798272330 72293982 91510632
709308551 571781656 406356090 564064100 856865490 57210459 839708451 654058455 372680044 85210977 979881414 369437822 10275796 793827140 860388044 89903033 264562610 671155995 756153630 660005201 975453618 25675721 84179364 312821310 213044420 437535944 328665451 850419703 460277944 703607458 151651732 49183626 844677053 751950009 211641056 656389646 562601037 161079064 904736336 300119748 574613319 936608368 67520345 240405902
761930146 970912117 818984071 243790874 957962362 347945588 723428154 514043457 533889364 140849032 915902926 32278535 934606976 723921193 511092393 32179961 991191432 996617521 792269360 281973910 506018310 200848866 296247510 993964057 17339738 158709759 357604893 696957477 981980757 956959550 975219478 8061902 624002645 315260875 615583487 619784835 47278335 624436741 24128042 519838304 729153159 425743753 963817622 627032043
719127053 591420432 349804673 243975258 578986621 591501045 448349314 507065982 870777270 661410616 542637336 454909436 707535386 919864327 499759052 450716950 110362751 789673811 670567859 123583089 244650456 300684407 810241038 64385154 515946462 311084284 966180422 578205933 722992049 721598573 215868914 838209857 777116453 936411660 907592595 1232259 115681299 515644638 740120528 609554681 936517992 55475059 101409658 871214028
640650269 518548386 123344995 477847303 699632667 90177474 774229037 388133326 553185253 576830458 103402932 701178929 147563662 282391361 994331907 29621400 48018839 516941677 139007680 861847319 624518521 105537528 928335191 42489135 761050705 981672239 157161919 589419706 733995066 60598700 384647810 540468341 333995033 133379786 110869597 706173618 400910311 460264597 239609566 596408381 337172067 459227816 278042680 2726887
86783985 444830842 707010635 679704622 797756789 146165414 741922245 494897982 27379636 924035038 533149208 298349202 760602816 452696899 10980195 706060653 806126958 545009826 742305071 354230616 843710940 363548396 470560253 240933420 893974631 598279333 696786396 703412448 222596772 959156538 375335777 659440874 873688942 867473982 211217585 129614038 111316276 317372262 571372731 352952426 465652123 580587340 292774028 946062175
774690697 864027370 834107501 276447385 676852235 638233701 807532135 875450042 228858366 207596318 535770557 996267043 881497125 51926832 59073270 16198157 216048864 380840024 294391689 22163223 271710633 943438630 127229800 584275526 162705553 503204290 429467173 821273564 547753037 466635798 354689610 143404869 512676220 521612959 671314119 351084405 564331451 376841462 64718639 66286900 937987359 709886119 72751613 489852778
276861646 985756466 693144767 233077117 901807186 714317700 475510733 641170149 893520308 496075627 228409056 195822876 658626939 306393462 192767355 65309881 833590557 52315730 977349862 375895601 286033382 76642196 586135491 597888981 367206237 950475773 810905251 462003797 555995352 613661446 943435852 837744734 276035792 280945692 154733618 818226564 38985622 947154869 938538337 27080848 937322774 777330652 579616975 192545113
651939465 650968608 355040190 392759761 72143260 193947479 495527722 743674686 414435762 614343198 242367541 932235785 639346483 531347696 253645052 937116884 712890597 356863413 90823118 765913609 532148480 341170529 259654734 128898130 999652195 20894023 288442490 164905299 375627471 286297089 538457825 23746876 450755658 766733932 512134069 51313353 410370890 97938977 418473852 1430483 741401739 536256022 316605774 229990597
29256713 703279101 978997789 213239875 926911157 790100586 890867741 722487345 353843906 207038906 901851748 441853410 497252080 572121990 694749670 967112903 760437094 978649293 268816141 638008244 508230940 634334646 356706751 589541613 871106382 577785472 850425568 921135825 263619873 466611290 320297734 76834597 141875697 950432997 381940089 884968618 18809344 410429905 495669071 352890924 517236734 527519985 246421876 538790136
346939505 489012198 775154143 859257967 205407279 541298495 207012136 808165523 814320045 53781564 609342256 819035486 326901705 955553408 821362763 947746566 830143285 643882381 213210121 20764674 391252292 958183509 147941883 668263892 884911123 478699174 328893811 495301231 732596942 138568837 491206404 487924584 938182463 654888782 296407135 837249205 517993358 934107719 938377495 508177125 166679519 530724363 47002794 104216407
836316897 506050808 816322902 557601865 382265410 551672031 165665498 101104673 747766257 622736471 32456077 24411723 760827987 369601105 624345801 707654259 364520388 926629324 844350607 726254402 789632019 593354355 438321444 873259652 468789312 128952264 994858650 7075457 502030974 50075115 963752241 100638851 917554590 857236817 356603471 136203800 139185931 454433572 693656622 631144246 359831509 15434391 916053279 847830770
103967471 129633625 120066249 568873522 926493888 948375712 725276362 495852512 962120782 802139398 88292203 451769313 181134570 966199121 604285212 730585356 590881677 764228012 537823599 467810797 114723665 865687699 188734379 699331528 977919141 301893513 657741620 305924130 806573586 917671654 484183165 635424726 89553484 581884182 538541447 76386482 809442937 190885237 99952472 952129181 686247831 260634750 624100790 786213259
379556539 482860391 186339400 959883187 170614818 5771701 388769795 424760520 190979597 975638739 147821227 916892013 673518188 780010963 376250173 518783857 528233180 843824422 855744611 654439542 653836478 374115239 403501067 784457595 367319825 971188379 20590140 963414072 584267386 900562289 456353157 293866704 761947826 781043452 919427554 848779273 750052568 690953973 974196392 677196137 428430980 124588710 686573401 837819949
944706698 317106840 324972954 118638674 592642001 851754238 633841585 980681115 302073467 533951383 729760856 68830325 674135196 660018462 531963364 132177422 227373899 895794973 215245639 702954600 846459712 195944542 401869856 676363698 397546399 58253476 230992659 698814808 921900853 741751209 262707636 479641111 667121914 961343405 751169445 816197003 905512801 315976209 91817666 121275745 63111084 650850649 457283993 104081732
704383863 905060465 386086050 606887098 20973634 195254240 935318395 214378318 143685689 954852707 328874669 703975315 619672067 752083182 846248356 679007228 311565380 405497289 593883729 708591026 839106136 988249142 485402196 38147057 138697335 770992599 401962859 83114943 59540036 142843769 470113014 518646738 334939182 852805642 492599642 893185243 124470201 178602845 806742910 442232551 954734246 413663745 771556811 995167041
277664797 493229544 836411768 593118595 122426115 780977562 905979757 581214063 217592829 529016079 112851636 379963317 690183451 199399872 129147496 85727041 16087816 457563924 57536396 587671848 901792355 846565256 628050980 727497194 306168820 782860967 571653130 965771828 118636788 167991104 331595169 672449882 533465564 434615011 221400933 92034918 265125400 1379270 560951577 645926294 587232496 36237661 895056354 815079704
582572030 498244490 230850731 985572697 32127542 197401239 513667978 118887717 477763218 520738975 451087201 506034742 30963731 941274604 270545632 940765107 738127622 174593854 701525745 747680291 369201318 120393515 169602878 574698351 675951232 8316460 565728904 489006762 541989710 467523032 394689860 634290546 928221292 7192700 163465833 893993143 529678981 48951876 559007199 372468962 380894398 847351414 753983439 962240180
